##FastQC	0.10.1
>>Basic Statistics	pass
#Measure	Value	
Filename	mock_t24_3_GTTTCG_L005_R2_001.fastq.gz	
File type	Conventional base calls	
Encoding	Sanger / Illumina 1.9	
Total Sequences	2211833	
Filtered Sequences	0	
Sequence length	101	
%GC	49	
>>END_MODULE
>>Per base sequence quality	pass
#Base	Mean	Median	Lower Quartile	Upper Quartile	10th Percentile	90th Percentile
1	31.631339707835085	33.0	31.0	34.0	30.0	34.0
2	31.74873012564692	34.0	31.0	34.0	29.0	34.0
3	31.76551846364531	34.0	31.0	34.0	29.0	34.0
4	35.24049871757949	37.0	35.0	37.0	32.0	37.0
5	35.236699606163754	37.0	35.0	37.0	32.0	37.0
6	35.22228576931441	37.0	35.0	37.0	32.0	37.0
7	35.21926791037117	37.0	35.0	37.0	32.0	37.0
8	35.195535558064286	37.0	35.0	37.0	32.0	37.0
9	36.826347197098514	39.0	37.0	39.0	33.0	39.0
10	36.80148546477062	39.0	37.0	39.0	33.0	39.0
11	36.78439014157036	39.0	37.0	39.0	33.0	39.0
12	36.663617913287304	39.0	37.0	39.0	32.0	39.0
13	36.662776981806495	39.0	37.0	39.0	32.0	39.0
14	37.97773611298864	40.0	38.0	41.0	33.0	41.0
15	37.95668524703267	40.0	38.0	41.0	32.0	41.0
16	37.93825257150969	40.0	38.0	41.0	32.0	41.0
17	37.93649113653698	40.0	38.0	41.0	32.0	41.0
18	37.933835872780634	40.0	38.0	41.0	32.0	41.0
19	37.96743741503088	40.0	38.0	41.0	32.0	41.0
20	37.9675640068667	40.0	38.0	41.0	32.0	41.0
21	37.933451124022476	40.0	38.0	41.0	32.0	41.0
22	37.919161618440455	40.0	38.0	41.0	32.0	41.0
23	37.87950175261876	40.0	38.0	41.0	32.0	41.0
24	37.8449833237862	40.0	38.0	41.0	32.0	41.0
25	37.79398851540781	40.0	38.0	41.0	32.0	41.0
26	37.74018110770569	40.0	38.0	41.0	32.0	41.0
27	37.683684979833465	40.0	38.0	41.0	32.0	41.0
28	37.64395594061577	40.0	38.0	41.0	32.0	41.0
29	37.58473944461449	40.0	38.0	41.0	32.0	41.0
30	37.523754279821304	40.0	38.0	41.0	32.0	41.0
31	37.454447510277674	40.0	37.0	41.0	31.0	41.0
32	37.394804218944195	40.0	37.0	41.0	31.0	41.0
33	37.33250521174067	40.0	37.0	41.0	31.0	41.0
34	37.2495599803421	40.0	37.0	41.0	31.0	41.0
35	37.18202775706846	40.0	37.0	41.0	31.0	41.0
36	37.12047835437847	40.0	37.0	41.0	31.0	41.0
37	37.05271917002776	40.0	37.0	41.0	30.0	41.0
38	36.980344356920256	40.0	37.0	41.0	30.0	41.0
39	36.901524663028354	40.0	36.0	41.0	30.0	41.0
40	36.84170866426172	40.0	36.0	41.0	30.0	41.0
41	36.765112917656985	40.0	36.0	41.0	30.0	41.0
42	36.68142621979146	40.0	36.0	41.0	30.0	41.0
43	36.633782930266435	40.0	36.0	41.0	30.0	41.0
44	36.53612094583994	40.0	35.0	41.0	30.0	41.0
45	36.460395970220176	40.0	35.0	41.0	30.0	41.0
46	36.373866381413066	39.0	35.0	41.0	30.0	41.0
47	36.275546571554	39.0	35.0	41.0	30.0	41.0
48	36.18156795743621	39.0	35.0	41.0	29.0	41.0
49	36.08330194910737	39.0	35.0	41.0	29.0	41.0
50	35.97493572073479	39.0	35.0	41.0	29.0	41.0
51	33.73423626467279	37.0	32.0	39.0	26.0	40.0
52	34.52818454196135	37.0	33.0	39.0	27.0	40.0
53	35.27173434884099	38.0	34.0	40.0	28.0	40.0
54	35.65419089054192	39.0	35.0	40.0	28.0	41.0
55	35.76739563972506	39.0	35.0	41.0	28.0	41.0
56	35.73506092006042	39.0	35.0	41.0	28.0	41.0
57	35.642555744488845	38.0	35.0	41.0	28.0	41.0
58	35.52073370819587	38.0	35.0	41.0	28.0	41.0
59	35.40772653269935	38.0	35.0	41.0	28.0	41.0
60	35.254554932492645	38.0	34.0	40.0	28.0	41.0
61	35.110405713270396	37.0	34.0	40.0	28.0	41.0
62	34.94562925862848	37.0	34.0	40.0	28.0	41.0
63	34.78092197738256	37.0	34.0	40.0	27.0	41.0
64	34.87000058322667	37.0	34.0	40.0	28.0	41.0
65	34.81119686703291	37.0	34.0	40.0	28.0	41.0
66	34.69405963289272	36.0	34.0	40.0	28.0	41.0
67	34.54395471990878	36.0	34.0	39.0	28.0	41.0
68	34.39682109815705	36.0	34.0	39.0	28.0	41.0
69	34.235169653405116	36.0	34.0	39.0	28.0	41.0
70	34.07567117408954	35.0	34.0	39.0	28.0	41.0
71	33.92021323490517	35.0	34.0	39.0	28.0	41.0
72	33.74490795643251	35.0	34.0	38.0	27.0	40.0
73	33.56607754744594	35.0	34.0	37.0	27.0	40.0
74	33.39783835398061	35.0	34.0	37.0	26.0	40.0
75	33.22188338812198	35.0	33.0	37.0	26.0	39.0
76	33.07270982935873	35.0	33.0	37.0	26.0	39.0
77	32.93579804623586	35.0	33.0	37.0	26.0	39.0
78	32.7856384274943	35.0	33.0	36.0	26.0	39.0
79	32.60732930560309	35.0	33.0	36.0	26.0	39.0
80	32.4768049848248	35.0	33.0	36.0	26.0	37.0
81	32.34719122103703	35.0	33.0	36.0	26.0	37.0
82	32.228690411979564	35.0	33.0	36.0	26.0	37.0
83	32.113177622361185	35.0	33.0	35.0	26.0	37.0
84	31.99718830490367	35.0	33.0	35.0	25.0	37.0
85	31.882900743410556	35.0	33.0	35.0	25.0	36.0
86	31.77297653122998	35.0	33.0	35.0	25.0	36.0
87	31.642607737564273	35.0	33.0	35.0	25.0	36.0
88	31.556188012386105	35.0	33.0	35.0	24.0	36.0
89	31.485230123612407	35.0	33.0	35.0	24.0	36.0
90	31.400578615112444	35.0	33.0	35.0	24.0	36.0
91	31.3236998453319	35.0	33.0	35.0	24.0	36.0
92	31.23545810194531	35.0	33.0	35.0	24.0	36.0
93	31.14823225804118	35.0	32.0	35.0	23.0	35.0
94	31.078447604317326	35.0	32.0	35.0	23.0	35.0
95	30.98520457918839	35.0	32.0	35.0	23.0	35.0
96	30.771263924536797	35.0	32.0	35.0	20.0	35.0
97	30.73720665167759	35.0	32.0	35.0	20.0	35.0
98	30.66794916252719	35.0	32.0	35.0	19.0	35.0
99	30.542558140691455	35.0	32.0	35.0	18.0	35.0
100	30.407964344505213	35.0	32.0	35.0	16.0	35.0
101	29.45165209127452	34.0	30.0	35.0	2.0	35.0
>>END_MODULE
>>Per sequence quality scores	pass
#Quality	Count
2	19227.0
3	4128.0
4	3452.0
5	3098.0
6	3327.0
7	3697.0
8	3969.0
9	4545.0
10	4881.0
11	5576.0
12	5582.0
13	5294.0
14	5265.0
15	5106.0
16	5206.0
17	5298.0
18	5562.0
19	5806.0
20	6306.0
21	6801.0
22	7880.0
23	9325.0
24	11625.0
25	14677.0
26	18031.0
27	21961.0
28	27282.0
29	33277.0
30	40799.0
31	50759.0
32	63791.0
33	81983.0
34	113052.0
35	168890.0
36	286091.0
37	483983.0
38	537685.0
39	128539.0
40	77.0
>>END_MODULE
>>Per base sequence content	fail
#Base	G	A	T	C
1	33.052922061455305	13.063192386555475	11.841983712387425	42.04190183960179
2	25.385610832816198	18.01689866459179	30.39813297231188	26.199357530280132
3	25.906118894097663	19.786772121758624	23.44931763819705	30.857791345946662
4	28.631881691130275	25.129047268144923	19.525381257502485	26.713689783222318
5	30.11120592688045	27.830213009708913	21.35798100929627	20.700600054114364
6	25.21701471382839	32.18017538572097	20.91097758216058	21.691832318290057
7	21.9618584120876	20.51379095693509	35.797181823326355	21.727168807650955
8	22.275157451243423	23.014751589000078	28.419864549599577	26.290226410156926
9	22.40259857913418	21.353437201608212	30.737139823560426	25.50682439569718
10	23.473636632901968	32.480188186189835	24.321452736516687	19.724722444391507
11	27.51503107752337	25.777572689493113	20.75081954729078	25.956576685692735
12	25.103089838475206	23.109535957427322	25.941502468080014	25.84587173601746
13	24.476876713570345	25.087123014524277	26.77125960165862	23.664740670246754
14	24.776837027891347	25.170588691383305	26.259617647365552	23.7929566333598
15	24.770816872447572	25.149513573742727	25.744122698819165	24.335546854990532
16	25.325736073326766	24.77429864647177	25.450382869632143	24.449582410569324
17	25.327465010510323	25.177841809942286	25.23611420119925	24.258578978348137
18	24.849638312144478	25.46589589930081	25.39351756442827	24.290948224126442
19	25.331155130839267	25.000984536663466	25.136465834767137	24.531394497730133
20	25.221052059780135	25.289088970822892	25.096566693600774	24.393292275796195
21	24.716586227884992	25.273616305880065	25.56256236551111	24.447235100723834
22	25.083688010012693	25.0959504867434	25.179299129318906	24.641062373924996
23	25.14914494454514	25.4452631493223	25.233297711678144	24.172294194454423
24	24.77051226242374	25.592532225119257	25.39044364461732	24.24651186783968
25	25.161016768912823	25.164139134416928	25.051190956181447	24.6236531404888
26	25.080431829556016	25.53361032351017	25.04631334883296	24.33964449810086
27	24.648255713978003	25.45374243611766	25.38839845708566	24.50960339281868
28	25.06440037703082	25.02587333249428	25.18437295990018	24.725353330574716
29	25.063992932590185	25.279800692522848	25.1258916333514	24.530314741535566
30	24.780666689918483	25.37168554064772	25.29830643747625	24.54934133195755
31	24.89261251061421	25.08752901217096	25.1351259552788	24.88473252193603
32	24.936022857360303	25.44480479326855	25.15541836226669	24.463753987104457
33	24.561990839124757	25.402017095891104	25.515089712883437	24.5209023521007
34	25.18384502360776	25.02118761211306	24.987650001495595	24.807317362783586
35	25.169234283704423	25.358876397670084	25.115206224467553	24.356683094157944
36	24.8435206915275	25.37575429598588	25.204748812751486	24.57597619973513
37	25.140293027841043	25.09424255815798	24.95033484039841	24.815129573602565
38	25.245070264203555	25.408661974831624	24.892910663242226	24.453357097722588
39	24.69714900581657	25.42674715800285	25.24177542046963	24.63432841571095
40	25.127953376060763	25.03838261311822	24.955293944862305	24.878370065958713
41	25.1717114794141	25.408134698267077	24.90289841547972	24.517255406839105
42	24.676577291639486	25.40909189753403	25.383631250090605	24.530699560735876
43	25.11143827951886	24.990161549842334	25.06166862831852	24.83673154232028
44	25.13792013448289	25.32033428706771	25.04028237058694	24.501463207862468
45	24.796392297375654	25.346935394584552	25.35517339867006	24.501498909369733
46	25.093172928412244	25.074398097001183	24.963061084705707	24.869367889880863
47	25.067476902224318	25.464692592153586	25.0652148538762	24.402615651745894
48	24.77357053890189	25.377156220606246	25.351820190192154	24.49745305029971
49	25.15660997497951	25.06714441967084	24.989761465913716	24.786484139435938
50	25.104399998552513	25.40602009835674	24.955218371504774	24.534361531585976
51	24.632189214142183	25.34201379460164	25.414607433154114	24.611189558102065
52	25.068956045074962	25.08841533917323	24.9999434322846	24.842685183467204
53	25.013950848659654	25.53120713197254	24.9957117829343	24.459130236433506
54	24.66926605587661	25.48471425130528	25.312307015272168	24.53371267754595
55	24.98155151947571	25.131357708567432	24.98096297899273	24.906127792964135
56	25.008741559639176	25.42951404175295	25.131485739028665	24.43025865957921
57	24.674021839064842	25.32153969483281	25.34726468203825	24.657173784064096
58	24.966674429795187	25.003013120895474	25.143111915012774	24.887200534296568
59	25.027632045831812	25.422433822439807	25.02314566200672	24.526788469721666
60	24.553033228367298	25.417734002650437	25.415513218650233	24.613719550332032
61	25.020930700353922	25.1033396699292	25.06455897836436	24.81117065135252
62	24.911009283681963	25.493386832773606	25.04436503939706	24.551238844147374
63	24.58820101002639	25.499653973279578	25.45773194100822	24.45441307568581
64	24.90454470497201	25.08222655931457	25.177998981568567	24.83522975414485
65	25.03685870053422	25.477939393554838	25.14250595653823	24.34269594937271
66	24.600633041886347	25.417016909060834	25.482904017346346	24.49944603170647
67	24.971491506372487	25.11607353287768	25.087383745173046	24.82505121557679
68	25.000419251864308	25.472519513341503	25.091793496021186	24.435267738773
69	24.603793793358413	25.507388600134835	25.4371633719708	24.45165423453595
70	24.98547782706607	25.07990593438062	25.19091786476481	24.743698373788497
71	25.028663322046185	25.48845426439112	25.03509586527899	24.447786548283712
72	24.646233728607548	25.452430155521803	25.494530367607283	24.406805748263366
73	24.886232413158428	25.321702097995164	25.044350459846026	24.747715029000382
74	24.922441894177226	25.613872577199658	25.07649520132542	24.387190327297695
75	24.62878300341041	25.58158045526062	25.33655213771152	24.45308440361745
76	24.924745382514153	25.254481810452432	25.02582354963006	24.794949257403353
77	25.028684000229745	25.519963928484696	25.039538016871667	24.4118140544139
78	24.627902388520045	25.48418392835164	25.438616338085275	24.449297345043043
79	25.061800206868302	25.071034590461878	25.119560370914407	24.747604831755414
80	25.050249220746718	25.454324917956068	25.099808236029446	24.395617625267764
81	24.722292964242435	25.447812066171103	25.44980239228152	24.380092577304946
82	25.007627727082188	25.18136788459815	25.20789517284837	24.603109215471296
83	25.01815209007058	25.51233255715419	25.15988324720521	24.30963210557002
84	24.561938365823195	25.52777814269387	25.49869558855706	24.411587902925877
85	25.063910111707898	25.185885312500282	25.10863133131491	24.64157324447691
86	24.934306370888628	25.620039558915824	25.1903744502874	24.255279619908148
87	24.648210281703673	25.580092771339856	25.373586814071224	24.398110132885247
88	24.894396008622362	25.229654688545278	25.16932897501582	24.706620327816545
89	24.970411197101093	25.616129308621527	25.0800178235424	24.333441670734985
90	24.661832639563723	25.561799280606845	25.428907349123243	24.347460730706196
91	25.034736793447276	25.293008138334468	25.030975340275557	24.641279727942702
92	24.96596656540879	25.677144083712953	25.04683988849998	24.310049462378263
93	24.56576536898106	25.582155112375617	25.484961228929432	24.367118289713897
94	24.962171457979963	25.30398744545441	25.105149755722756	24.628691340842863
95	25.070808696014595	25.700521347711923	25.01232243462314	24.216347521650334
96	24.667010691812216	25.643948472342597	25.362189159764643	24.32685167608054
97	25.121183824171766	25.338950330135106	24.987518371644274	24.55234747404885
98	25.086415215776654	25.64249605434258	25.053057607277303	24.218031122603467
99	24.80181097987981	25.587781314408037	25.349556393167934	24.260851312544222
100	25.172655493953894	25.30818417791927	24.975580417303537	24.5435799108233
101	25.22388680514614	25.681878189663593	24.899133388069256	24.19510161712101
>>END_MODULE
>>Per base GC content	fail
#Base	%GC
1	75.09482390105711
2	51.58496836309633
3	56.763910240044325
4	55.345571474352596
5	50.81180598099482
6	46.90884703211845
7	43.68902721973855
8	48.56538386140035
9	47.90942297483136
10	43.198359077293475
11	53.47160776321611
12	50.94896157449267
13	48.1416173838171
14	48.56979366125114
15	49.1063637274381
16	49.775318483896086
17	49.586043988858464
18	49.140586536270916
19	49.8625496285694
20	49.614344335576334
21	49.163821328608826
22	49.724750383937696
23	49.32143913899956
24	49.01702413026342
25	49.78466990940162
26	49.42007632765687
27	49.15785910679668
28	49.78975370760554
29	49.59430767412575
30	49.33000802187603
31	49.777345032550244
32	49.39977684446476
33	49.08289319122546
34	49.991162386391345
35	49.52591737786236
36	49.41949689126263
37	49.95542260144361
38	49.69842736192615
39	49.33147742152752
40	50.00632344201947
41	49.688966886253205
42	49.20727685237536
43	49.94816982183914
44	49.639383342345354
45	49.29789120674538
46	49.962540818293114
47	49.47009255397021
48	49.271023589201604
49	49.94309411441545
50	49.63876153013849
51	49.24337877224424
52	49.911641228542166
53	49.47308108509316
54	49.202978733422555
55	49.88767931243984
56	49.439000219218386
57	49.331195623128934
58	49.85387496409175
59	49.554420515553474
60	49.16675277869933
61	49.83210135170644
62	49.462248127829334
63	49.0426140857122
64	49.739774459116866
65	49.37955464990693
66	49.100079073592816
67	49.79654272194927
68	49.435686990637315
69	49.055448027894364
70	49.72917620085456
71	49.476449870329894
72	49.053039476870914
73	49.63394744215881
74	49.30963222147493
75	49.08186740702785
76	49.71969463991751
77	49.44049805464365
78	49.077199733563084
79	49.809405038623716
80	49.44586684601448
81	49.10238554154738
82	49.61073694255349
83	49.327784195640604
84	48.973526268749076
85	49.70548335618481
86	49.18958599079677
87	49.04632041458892
88	49.60101633643891
89	49.30385286783607
90	49.009293370269916
91	49.67601652138998
92	49.27601602778706
93	48.932883658694955
94	49.59086279882283
95	49.287156217664936
96	48.99386236789276
97	49.67353129822062
98	49.304446338380124
99	49.06266229242403
100	49.716235404777194
101	49.41898842226715
>>END_MODULE
>>Per sequence GC content	warn
#GC Content	Count
0	44.0
1	110.5
2	217.0
3	262.5
4	232.5
5	194.5
6	191.5
7	183.5
8	174.0
9	173.0
10	169.5
11	164.5
12	169.0
13	174.0
14	167.0
15	178.5
16	201.0
17	220.0
18	248.5
19	315.0
20	426.0
21	589.5
22	805.0
23	1084.0
24	1509.0
25	2079.0
26	2830.5
27	3863.0
28	5195.5
29	6735.5
30	8795.0
31	11494.5
32	14575.5
33	18269.0
34	23149.0
35	29513.5
36	36665.0
37	44265.0
38	51423.5
39	58051.5
40	64297.5
41	69188.0
42	73648.0
43	78032.0
44	80089.5
45	81643.5
46	83337.5
47	82215.5
48	80377.0
49	79525.0
50	79012.0
51	78416.5
52	76749.0
53	74409.0
54	72120.0
55	70100.0
56	66699.0
57	62249.0
58	58797.0
59	55986.5
60	52723.0
61	48906.5
62	44822.5
63	40707.5
64	36937.5
65	32588.5
66	28094.0
67	24206.0
68	20742.0
69	17405.0
70	14233.5
71	11431.0
72	9211.0
73	7477.5
74	6251.0
75	5095.0
76	4077.5
77	3442.0
78	2835.5
79	2313.5
80	1855.5
81	1386.5
82	1003.5
83	721.5
84	476.0
85	309.5
86	200.5
87	121.5
88	73.5
89	59.0
90	47.0
91	34.5
92	23.5
93	15.5
94	10.0
95	7.0
96	5.0
97	2.5
98	2.0
99	1.0
100	0.0
>>END_MODULE
>>Per base N content	pass
#Base	N-Count
1	0.15955092450469813
2	0.11510814785745578
3	0.12392436499500639
4	0.11596716388624277
5	0.07681411752153078
6	0.09381359261752582
7	0.13373523227115247
8	0.13807552378502355
9	0.18830535578409402
10	0.1721196853469498
11	0.2593776293237328
12	0.29274362033661677
13	0.23433053037910187
14	0.2885389629325541
15	0.26430566864677396
16	0.25313846027254316
17	0.22406754940359422
18	0.1803933660452665
19	0.12080478046941157
20	0.12378873088519794
21	0.0939492267273343
22	0.08314370931259277
23	0.07084621668995807
24	0.08639892794799608
25	0.08906639877422934
26	0.08531385506952831
27	0.08992541480301633
28	0.1354080529587903
29	0.15308569860382767
30	0.18627084413696693
31	0.16764375972327025
32	0.19911087319883555
33	0.19902045045896324
34	0.24210688600812086
35	0.2519177532842669
36	0.24735140492071508
37	0.25128479410516075
38	0.2591063611041159
39	0.2509231031456715
40	0.26023664535251984
41	0.19671467059221923
42	0.20367722156238738
43	0.1654736139663347
44	0.16597093903563245
45	0.11574110703656199
46	0.06451662489889608
47	0.06542085229761922
48	0.06971593244155413
49	0.09241204014950496
50	0.04995856377945351
51	0.10276544386488493
52	0.09458218590644049
53	0.1035340371537996
54	0.1405621491315122
55	0.13468467103981177
56	0.18034815467533036
57	0.1746515220633746
58	0.2178735917223407
59	0.23310982339082562
60	0.24436745450492872
61	0.2056665218395783
62	0.2578856541158397
63	0.24215209737805704
64	0.2042197580016213
65	0.24567858423307729
66	0.22732276803899754
67	0.2474418276605874
68	0.24965718478745907
69	0.21018765883319399
70	0.21986289199953163
71	0.19477058168496447
72	0.1274056404800905
73	0.12315577170609172
74	0.041142346641902895
75	0.029839504157863638
76	0.030427251967033678
77	0.030291617857225207
78	0.0872127326068469
79	0.12198027608775165
80	0.10606587387022438
81	0.051540961727219003
82	0.1260040880120696
83	0.12302013759628327
84	0.19549396360394297
85	0.21823528268182993
86	0.2259664269409128
87	0.2313465799633155
88	0.247622673140332
89	0.26050791357213676
90	0.2499736643770122
91	0.23686236709552663
92	0.26738004180243263
93	0.22171655816691405
94	0.20367722156238738
95	0.202411303204175
96	0.20932864280440705
97	0.11691660265490207
98	0.11040616538409546
99	0.0595433742059188
100	0.022289205378525415
101	4.521136993615703E-5
>>END_MODULE
>>Sequence Length Distribution	pass
#Length	Count
101	2211833.0
>>END_MODULE
>>Sequence Duplication Levels	warn
#Total Duplicate Percentage	30.50975108878192
#Duplication Level	Relative count
1	100.0
2	14.828004039044092
3	5.706496129249411
4	3.235947492426792
5	2.1258835408953214
6	1.5967687647256816
7	1.2150790979468193
8	0.9047458768091552
9	0.7546280713564456
10++	4.2672500841467516
>>END_MODULE
>>Overrepresented sequences	pass
>>END_MODULE
>>Kmer Content	warn
#Sequence	Count	Obs/Exp Overall	Obs/Exp Max	Max Obs/Exp Position
AAAAA	667855	3.1122274	4.130546	10
CCTGG	477845	2.3219197	5.940197	1
CTCCT	466950	2.2965794	5.87895	1
CTGGG	456530	2.185522	6.235182	1
CCCAG	441765	2.178512	6.1838746	1
CTGGA	453785	2.165942	5.3814836	1
CTCCA	430655	2.1177504	5.9209647	1
GCCAG	387935	1.884748	5.524818	1
>>END_MODULE
