##FastQC	0.10.1
>>Basic Statistics	pass
#Measure	Value	
Filename	mock_t24_3_GTTTCG_L005_R1_001.fastq.gz	
File type	Conventional base calls	
Encoding	Sanger / Illumina 1.9	
Total Sequences	2211833	
Filtered Sequences	0	
Sequence length	101	
%GC	49	
>>END_MODULE
>>Per base sequence quality	pass
#Base	Mean	Median	Lower Quartile	Upper Quartile	10th Percentile	90th Percentile
1	32.20647761381623	34.0	31.0	34.0	30.0	34.0
2	32.38163595533659	34.0	31.0	34.0	30.0	34.0
3	32.13971172326301	34.0	31.0	34.0	30.0	34.0
4	35.83069472243157	37.0	35.0	37.0	35.0	37.0
5	35.77186749632545	37.0	35.0	37.0	33.0	37.0
6	35.70318645214173	37.0	35.0	37.0	33.0	37.0
7	35.69793334306885	37.0	35.0	37.0	33.0	37.0
8	35.690912017317764	37.0	35.0	37.0	33.0	37.0
9	37.345830358801955	39.0	37.0	39.0	34.0	39.0
10	37.29231772923182	39.0	37.0	39.0	33.0	39.0
11	37.324539420471616	39.0	37.0	39.0	33.0	39.0
12	37.31968191088568	39.0	37.0	39.0	34.0	39.0
13	37.29217305284802	39.0	37.0	39.0	33.0	39.0
14	38.654051639522514	40.0	38.0	41.0	34.0	41.0
15	38.6661000174968	40.0	38.0	41.0	34.0	41.0
16	38.67285776096116	40.0	38.0	41.0	34.0	41.0
17	38.686747598032944	40.0	38.0	41.0	34.0	41.0
18	38.729981422648095	40.0	38.0	41.0	34.0	41.0
19	38.805453666709916	40.0	38.0	41.0	34.0	41.0
20	38.76020115442712	40.0	38.0	41.0	34.0	41.0
21	38.76066637942376	40.0	38.0	41.0	34.0	41.0
22	38.755859054458455	40.0	38.0	41.0	34.0	41.0
23	38.73470827137492	40.0	38.0	41.0	34.0	41.0
24	38.71146781877294	40.0	38.0	41.0	34.0	41.0
25	38.66814221507682	40.0	38.0	41.0	34.0	41.0
26	38.58126585506229	40.0	38.0	41.0	34.0	41.0
27	38.51435709658008	40.0	38.0	41.0	34.0	41.0
28	38.45539920961483	40.0	38.0	41.0	34.0	41.0
29	38.393261607001975	40.0	38.0	41.0	34.0	41.0
30	38.34444327397231	40.0	38.0	41.0	34.0	41.0
31	38.28384104948249	40.0	38.0	41.0	33.0	41.0
32	38.244696593278064	40.0	38.0	41.0	33.0	41.0
33	38.19648228415075	40.0	38.0	41.0	33.0	41.0
34	38.1545225159404	40.0	38.0	41.0	33.0	41.0
35	38.09378691790926	40.0	38.0	41.0	33.0	41.0
36	38.03649913894946	40.0	38.0	41.0	33.0	41.0
37	37.97484394165382	40.0	38.0	41.0	33.0	41.0
38	37.904728340702036	40.0	37.0	41.0	33.0	41.0
39	37.84118285602936	40.0	37.0	41.0	33.0	41.0
40	37.77586011240451	40.0	37.0	41.0	32.0	41.0
41	37.69969477804156	40.0	37.0	41.0	32.0	41.0
42	37.621204675036495	40.0	37.0	41.0	32.0	41.0
43	37.69025373977149	40.0	37.0	41.0	32.0	41.0
44	37.624639834924245	40.0	37.0	41.0	32.0	41.0
45	37.675032427855086	40.0	37.0	41.0	32.0	41.0
46	37.66394207880975	40.0	37.0	41.0	32.0	41.0
47	37.61690597798297	40.0	37.0	41.0	32.0	41.0
48	37.56211296241624	40.0	36.0	41.0	32.0	41.0
49	37.50840004647729	40.0	36.0	41.0	32.0	41.0
50	37.42697843824556	40.0	36.0	41.0	32.0	41.0
51	37.347356694651	40.0	36.0	41.0	32.0	41.0
52	37.257993709289984	40.0	36.0	41.0	32.0	41.0
53	37.18205352754932	39.0	35.0	41.0	31.0	41.0
54	37.077386945578624	39.0	35.0	41.0	31.0	41.0
55	36.97347584559955	39.0	35.0	41.0	31.0	41.0
56	36.87678726196779	39.0	35.0	41.0	31.0	41.0
57	36.771264828764195	39.0	35.0	41.0	31.0	41.0
58	36.66291306803	39.0	35.0	41.0	31.0	41.0
59	36.55070025630326	39.0	35.0	41.0	31.0	41.0
60	36.41310126035736	38.0	35.0	41.0	31.0	41.0
61	36.27649284552677	38.0	35.0	40.0	31.0	41.0
62	36.141624164211315	38.0	35.0	40.0	31.0	41.0
63	36.005247231594794	37.0	35.0	40.0	30.0	41.0
64	35.85062615486793	37.0	35.0	40.0	30.0	41.0
65	35.703532771235444	37.0	35.0	40.0	30.0	41.0
66	35.538099847502046	37.0	35.0	40.0	30.0	41.0
67	35.373888987098034	36.0	34.0	39.0	30.0	41.0
68	35.22077887435444	36.0	34.0	39.0	30.0	41.0
69	35.04749680468643	36.0	34.0	39.0	29.0	41.0
70	34.87793969978746	36.0	34.0	39.0	29.0	41.0
71	34.7184348908801	35.0	34.0	39.0	29.0	41.0
72	34.548660319291734	35.0	34.0	38.0	29.0	40.0
73	34.378128005143246	35.0	34.0	38.0	29.0	40.0
74	34.20651423502588	35.0	34.0	37.0	29.0	40.0
75	34.03540140688741	35.0	34.0	37.0	29.0	39.0
76	32.10865467691277	34.0	31.0	35.0	26.0	38.0
77	32.91322400922674	35.0	32.0	36.0	27.0	39.0
78	33.32652329538442	35.0	33.0	36.0	28.0	39.0
79	33.43015363275618	35.0	33.0	36.0	29.0	39.0
80	33.37355035393721	35.0	34.0	36.0	29.0	37.0
81	33.292660883529635	35.0	34.0	36.0	29.0	37.0
82	33.19709308975858	35.0	34.0	36.0	29.0	37.0
83	33.089445722167994	35.0	33.0	35.0	29.0	37.0
84	32.944234035752245	35.0	33.0	35.0	29.0	37.0
85	32.866222721154806	35.0	33.0	35.0	29.0	37.0
86	32.78730853549974	35.0	33.0	35.0	29.0	36.0
87	32.68258905622621	35.0	33.0	35.0	29.0	36.0
88	32.52384605890228	35.0	33.0	35.0	27.0	36.0
89	32.48412289716267	35.0	33.0	35.0	27.0	36.0
90	32.43313939162677	35.0	33.0	35.0	27.0	36.0
91	32.37222068754739	35.0	33.0	35.0	27.0	36.0
92	32.28794669398639	35.0	33.0	35.0	27.0	36.0
93	32.13768037641178	35.0	33.0	35.0	27.0	35.0
94	32.092453634609846	35.0	33.0	35.0	27.0	35.0
95	32.04075172040565	35.0	33.0	35.0	27.0	35.0
96	31.951530698746243	35.0	33.0	35.0	27.0	35.0
97	31.78793832988295	35.0	33.0	35.0	27.0	35.0
98	31.587186736069132	35.0	33.0	35.0	25.0	35.0
99	31.4213586649625	35.0	33.0	35.0	25.0	35.0
100	31.346035166307765	35.0	33.0	35.0	25.0	35.0
101	30.350870070208735	34.0	31.0	35.0	20.0	35.0
>>END_MODULE
>>Per sequence quality scores	pass
#Quality	Count
2	2.0
3	6.0
4	20.0
5	44.0
6	122.0
7	316.0
8	841.0
9	1335.0
10	1816.0
11	2257.0
12	2607.0
13	2950.0
14	3256.0
15	3534.0
16	3737.0
17	4103.0
18	4603.0
19	4941.0
20	5134.0
21	5538.0
22	6527.0
23	7896.0
24	10045.0
25	13162.0
26	17181.0
27	22328.0
28	28317.0
29	34962.0
30	43110.0
31	52821.0
32	64699.0
33	80882.0
34	106969.0
35	160611.0
36	282085.0
37	506706.0
38	590695.0
39	135621.0
40	54.0
>>END_MODULE
>>Per base sequence content	fail
#Base	G	A	T	C
1	21.48651863349262	16.076243506702014	13.888353716613164	48.5488841431922
2	13.862710249824467	21.219459154466	33.723929428668434	31.193901167041094
3	13.859056609744961	22.099909124201446	27.65875007346924	36.38228419258435
4	16.389438081446475	28.620876892604457	24.446556317769016	30.54312870818005
5	29.574203839078265	27.504969859840234	22.08041927216024	20.840407028921263
6	24.890011940333597	32.013521828747315	21.170197903908573	21.92626832701052
7	20.525645471425737	20.367089197059634	36.856760885654566	22.250504445860063
8	21.63115388910465	23.203876603703804	28.53560824890487	26.62936125828668
9	21.35219973659856	21.642004617889327	31.152035438480212	25.853760207031907
10	22.04452144443093	32.911345476805884	24.86806191968381	20.17607115907937
11	26.624026316634215	25.819489988620298	21.110228484700247	26.446255210045244
12	23.768964226357223	23.35043557362433	26.52116198781443	26.35943821220402
13	23.03346402581056	25.47314233423516	27.446912209378027	24.046481430576254
14	23.86584507376568	25.20986291262189	26.703396915002752	24.220895098609684
15	23.70219632314013	25.305165444226574	26.231365568738692	24.76127266389461
16	24.10560324365479	24.998937529444	26.042283615438105	24.853175611463108
17	24.524365085429146	25.33771763058061	25.60903106156749	24.52888622242276
18	23.962342545752776	25.60053132401949	25.81334124230898	24.623784887918752
19	24.169094140470822	25.26158168360812	25.79150415062982	24.77782002529124
20	24.523867760359845	25.430988686758898	25.3914739494347	24.653669603446556
21	23.965462130278368	25.343504685932437	25.985370504916062	24.705662678873132
22	23.98228075989462	25.308691931081594	25.674949238934403	25.03407807008938
23	24.40585397611932	25.534873837501078	25.477545742665576	24.58172644371403
24	23.941601351278035	25.727948596457594	25.765293204908872	24.565156847355496
25	24.205100845921177	25.410368977163294	25.540535041753508	24.843995135162018
26	24.535770641081868	25.516405709557677	25.285364850139935	24.66245879922052
27	24.052745324990052	25.61236300502767	25.598844359243316	24.73604731073896
28	24.10207901044547	25.213229811614408	25.615611637104855	25.069079540835265
29	24.59171104229673	25.295330067865773	25.31653812204263	24.79642076779487
30	24.170552675467317	25.45528708229174	25.589910606723848	24.784249635517096
31	23.98503845967759	25.344997619302774	25.54580818679498	25.124155734224658
32	24.471215906136614	25.464015643897863	25.306943675185657	24.757824774779866
33	24.012230612972896	25.546979940112855	25.668101528736198	24.77268791817805
34	24.233655976739655	25.273653119381073	25.429089809221583	25.063601094657688
35	24.656256555675316	25.37584364759583	25.369966145588435	24.597933651140416
36	24.291437019889408	25.479737580988637	25.51378332798307	24.715042071138882
37	24.327721555502706	25.294010195066324	25.400174891416306	24.978093358014668
38	24.763670743733492	25.35847848586501	25.15921450110077	24.71863626930073
39	24.203977748769812	25.437127795363917	25.524980636655027	24.833913819211244
40	24.351140999804215	25.11922293819036	25.397843112696478	25.131792949308945
41	24.70930074824875	25.36137321822927	25.139132306367802	24.79019372715418
42	24.156285508489482	25.46708994632439	25.589127241174904	24.787497304011225
43	24.30949968371615	25.157294129509534	25.45377349916645	25.079432687607866
44	24.626505958722124	25.280482268528647	25.32330295340639	24.76970881934283
45	24.144885319244473	25.436233629227758	25.646228080924736	24.772652970603037
46	24.303997793447714	25.18309184095641	25.41229293790228	25.10061742769359
47	24.71559281229171	25.43846955968097	25.180086115756144	24.66585151227118
48	24.26411175002114	25.42617740537417	25.641996058020084	24.667714786584607
49	24.392619417639914	25.157997401865718	25.472251374239402	24.977131806254967
50	24.685064167285738	25.284392901017842	25.18451231461164	24.84603061708478
51	24.123184798448595	25.36808175183538	25.618209596463124	24.890523853252905
52	24.41363419744501	25.111974007019118	25.358755404277485	25.115636391258384
53	24.67915676465588	25.375959907255684	25.186917409091404	24.75796591899703
54	24.213083819703733	25.47985506335439	25.53723825419442	24.769822862747457
55	24.189855630727163	25.214166743526167	25.377018466173677	25.218959159572986
56	24.592362985813125	25.27677270390667	25.2825597592585	24.84830455102171
57	24.20304787929288	25.263797040734993	25.57358534753754	24.95956973243459
58	24.259019555273838	25.08019366742426	25.48194190067695	25.17884487662495
59	24.65841679728985	25.164829351944746	25.252539409620887	24.924214441144514
60	24.154716924831124	25.443286179381534	25.590539611263598	24.81145728452374
61	24.38344124533814	25.225864701358557	25.44256279746256	24.948131255840742
62	24.612662890914457	25.41430569125246	25.181060233751822	24.79197118408126
63	24.22027341123855	25.46372171859268	25.70804396172767	24.607960908441097
64	24.304050079730253	25.152124956992683	25.491707556583158	25.052117406693903
65	24.661400747705635	25.39382494067138	25.208141844343583	24.736632467279403
66	24.207207325327	25.37501701077794	25.642849166279735	24.774926497615326
67	24.376252637518295	25.159675255772022	25.391157469845147	25.072914636864535
68	24.71040987271643	25.30087036408264	25.231516122600578	24.757203640600352
69	24.21186409643043	25.45467944460545	25.512821266343344	24.82063519262078
70	24.402520443451202	25.115865438303885	25.461144670506318	25.0204694477386
71	24.70055379407035	25.25638237606546	25.217681443400114	24.825382386464078
72	24.2669767563826	25.443150545271724	25.57525816822518	24.714614530120492
73	24.301201763424274	25.24426572892257	25.358921763080666	25.09561074457249
74	24.63404786889426	25.40440440123644	25.20095323652373	24.760594493345565
75	24.262907733088348	25.53511047172187	25.461054247766445	24.740927547423336
76	24.318969831809184	25.224824839850022	25.320582521374806	25.135622806965984
77	24.745539107156826	25.358379226641432	25.14425817862379	24.75182348757795
78	24.1895748910519	25.427326565794072	25.529865952809278	24.85323259034475
79	24.481323861249923	25.03353553365014	25.436820953480666	25.048319651619266
80	24.73514049207151	25.21325072914637	25.23685106425304	24.814757714529083
81	24.376343060258165	25.287939912280898	25.592122009211366	24.74359501824957
82	24.44967590229461	25.112112894599186	25.38731450340057	25.05089669970563
83	24.74902038264191	25.258778578672082	25.23861430768055	24.753586731005463
84	24.29781091067906	25.362990786374922	25.611834166503527	24.72736413644249
85	24.35418948898945	25.206242966806265	25.354084146497495	25.08548339770679
86	24.634364348483814	25.353360764578518	25.314478986433425	24.697795900504243
87	24.19020785023101	25.49428460466952	25.59664314620498	24.718864398894492
88	24.426482469517364	25.08801523442321	25.452780567068128	25.03272172899129
89	24.65394087166617	25.394050997521063	25.15036171356517	24.801646417247593
90	24.300478381505293	25.479997811769696	25.473306529019148	24.746217277705867
91	24.42675373773698	25.186349964034356	25.294495560921643	25.09240073730702
92	24.684594180482886	25.383064634626574	25.167948936470342	24.764392248420204
93	24.355229350497982	25.41453174810214	25.64592353943539	24.58431536196449
94	24.307893046174826	25.220032434636792	25.41344667522367	25.058627843964707
95	24.76687887376669	25.504321528795348	25.070970547957284	24.65782904948068
96	24.293690289368946	25.598547435972208	25.430133560115614	24.67762871454323
97	24.650690209016126	25.218177312815172	25.223467830037837	24.907664648130865
98	24.727391948266312	25.395724282952532	25.148858715928235	24.728025052852928
99	24.424325332670065	25.50420006557303	25.409865349176382	24.661609252580526
100	24.560614926566416	25.228160076983393	25.18823036774222	25.022994628707966
101	24.835769542813882	25.44796497140495	24.997987538112408	24.718277947668753
>>END_MODULE
>>Per base GC content	fail
#Base	%GC
1	70.03540277668482
2	45.05661141686556
3	50.24134080232932
4	46.93256678962652
5	50.414610867999535
6	46.81628026734411
7	42.7761499172858
8	48.260515147391324
9	47.20595994363047
10	42.2205926035103
11	53.07028152667945
12	50.12840243856124
13	47.07994545638681
14	48.086740172375364
15	48.46346898703474
16	48.9587788551179
17	49.0532513078519
18	48.58612743367153
19	48.94691416576206
20	49.1775373638064
21	48.67112480915151
22	49.016358829984
23	48.98758041983335
24	48.506758198633534
25	49.0490959810832
26	49.198229440302384
27	48.78879263572901
28	49.17115855128073
29	49.38813181009159
30	48.95480231098441
31	49.10919419390225
32	49.22904068091648
33	48.78491853115094
34	49.29725707139735
35	49.254190206815736
36	49.00647909102829
37	49.305814913517374
38	49.48230701303423
39	49.03789156798105
40	49.48293394911315
41	49.499494475402926
42	48.94378281250071
43	49.38893237132402
44	49.39621477806496
45	48.91753828984751
46	49.4046152211413
47	49.38144432456289
48	48.93182653660574
49	49.36975122389487
50	49.531094784370524
51	49.0137086517015
52	49.5292705887034
53	49.43712268365291
54	48.98290668245119
55	49.40881479030015
56	49.44066753683483
57	49.16261761172747
58	49.437864431898795
59	49.58263123843437
60	48.96617420935487
61	49.33157250117889
62	49.40463407499572
63	48.828234319679645
64	49.356167486424155
65	49.398033214985034
66	48.98213382294233
67	49.44916727438283
68	49.467613513316785
69	49.03249928905121
70	49.42298989118979
71	49.52593618053442
72	48.9815912865031
73	49.39681250799676
74	49.39464236223983
75	49.00383528051168
76	49.45459263877517
77	49.497362594734774
78	49.04280748139665
79	49.52964351286919
80	49.54989820660059
81	49.11993807850774
82	49.50057260200024
83	49.502607113647365
84	49.02517504712155
85	49.43967288669624
86	49.33216024898805
87	48.9090722491255
88	49.45920419850866
89	49.45558728891377
90	49.04669565921116
91	49.519154475044004
92	49.44898642890308
93	48.93954471246247
94	49.36652089013954
95	49.42470792324737
96	48.97131900391217
97	49.558354857146995
98	49.45541700111924
99	49.08593458525059
100	49.583609555274386
101	49.55404749048264
>>END_MODULE
>>Per sequence GC content	pass
#GC Content	Count
0	3.0
1	1.5
2	0.0
3	0.5
4	0.5
5	0.0
6	1.0
7	3.0
8	4.0
9	5.5
10	7.0
11	5.5
12	6.0
13	9.5
14	12.0
15	24.5
16	43.0
17	67.5
18	103.0
19	172.0
20	280.0
21	481.5
22	736.5
23	1090.5
24	1587.0
25	2142.5
26	2974.5
27	4155.5
28	5629.5
29	7421.5
30	9640.5
31	12555.0
32	16078.5
33	20315.5
34	25854.0
35	32405.0
36	39460.5
37	47427.5
38	54683.5
39	61215.0
40	67169.0
41	71638.0
42	76058.5
43	79885.5
44	81442.5
45	83215.5
46	84628.5
47	83082.0
48	81539.0
49	80522.5
50	79496.5
51	78664.5
52	76501.0
53	74039.5
54	72242.5
55	69833.0
56	65768.0
57	60951.5
58	57389.0
59	54590.0
60	51189.5
61	47323.5
62	42743.5
63	38105.5
64	34442.0
65	30397.5
66	26076.0
67	22251.5
68	18721.5
69	15400.0
70	12368.0
71	9882.0
72	7985.0
73	6370.0
74	5254.5
75	4219.0
76	3263.0
77	2692.0
78	2136.5
79	1705.5
80	1368.0
81	995.5
82	641.5
83	431.0
84	248.5
85	142.0
86	92.0
87	53.0
88	31.0
89	16.5
90	12.0
91	5.5
92	3.5
93	2.5
94	1.5
95	2.0
96	1.0
97	0.0
98	0.0
99	0.5
100	1.0
>>END_MODULE
>>Per base N content	pass
#Base	N-Count
1	0.031964438544863014
2	0.0
3	0.0010398615085316116
4	0.0
5	0.0
6	9.042273987231406E-5
7	0.0
8	0.0
9	0.0
10	0.0
11	0.0
12	0.00167282068763781
13	0.0011302842484039255
14	0.001446763837957025
15	0.0
16	3.1647958955309915E-4
17	0.0
18	0.0
19	0.0
20	0.0
21	0.0
22	0.0
23	1.3563410980847108E-4
24	4.521136993615703E-5
25	0.001944088907254752
26	0.004656771103424173
27	0.0033004300053394633
28	0.01139326522391157
29	0.018491450303888223
30	0.02174666893929153
31	0.01338256550110248
32	0.004882827953104959
33	2.7126821961694216E-4
34	0.0
35	4.069023294254132E-4
36	0.004656771103424173
37	0.007911989738827478
38	0.008771005767614463
39	0.008138046588508264
40	0.009946501385954546
41	0.01216185851282624
42	0.009675233166337604
43	0.00958481042646529
44	0.012885240431804751
45	0.01564313399791033
46	0.010760306044805372
47	0.017677645645037397
48	0.011483687963783884
49	0.011121997004294629
50	0.00868058302774215
51	0.0074146646695297524
52	0.007188607819848967
53	0.00727903055972128
54	0.0173611660554843
55	2.2605684968078513E-4
56	0.0
57	0.0
58	0.0
59	0.0
60	0.0
61	0.0
62	0.0
63	0.0
64	0.0
65	0.0
66	0.0
67	0.0
68	0.0
69	0.0
70	0.0
71	0.0
72	0.0
73	0.0
74	0.0
75	0.0
76	0.0
77	0.0
78	0.0
79	0.0
80	0.0
81	0.0
82	0.0
83	0.0
84	0.0
85	0.0
86	0.0
87	0.0
88	0.0
89	0.0
90	0.0
91	0.0
92	0.0
93	0.0
94	0.0
95	0.0
96	9.042273987231405E-4
97	0.014874540708995663
98	0.022967375927567767
99	0.02522794442437562
100	0.020209482361462187
101	0.02762414703099194
>>END_MODULE
>>Sequence Length Distribution	pass
#Length	Count
101	2211833.0
>>END_MODULE
>>Sequence Duplication Levels	warn
#Total Duplicate Percentage	32.69638770764426
#Duplication Level	Relative count
1	100.0
2	15.932163726590085
3	6.12426096592356
4	3.5012492170884637
5	2.297458204568762
6	1.5912892058007722
7	1.2953314382859227
8	0.9587655119725241
9	0.8149162714827484
10++	5.139341046589259
>>END_MODULE
>>Overrepresented sequences	pass
>>END_MODULE
>>Kmer Content	warn
#Sequence	Count	Obs/Exp Overall	Obs/Exp Max	Max Obs/Exp Position
AAAAA	626360	2.8573468	5.721168	2
CTTCT	573295	2.520699	5.505283	1
CCTGG	482995	2.4039319	7.187985	1
CCAGG	473365	2.3854578	6.2394114	2
CTGCT	500285	2.3403387	5.149965	3
CTCCT	504360	2.2458236	7.6361284	1
CAGCT	467180	2.212797	5.1775994	3
CTTCA	493615	2.1974916	5.686415	1
CCCAG	457645	2.1952202	9.298729	1
TCCAG	458015	2.1693866	6.3238373	2
CCTCC	467285	2.1072156	5.1453304	1
TCCTG	441565	2.065646	5.0161114	2
CTCCA	455480	2.0535269	7.9874954	1
CTTCC	449335	2.000807	5.0158663	1
GCCAG	384205	1.9361482	6.145959	1
CTCTG	407745	1.9074355	7.3482995	1
CCAGA	380760	1.8260163	5.3144307	2
CCCTG	374725	1.7752763	6.2788887	1
CTCAG	372780	1.7656713	6.424557	1
CTTTG	375640	1.7351656	5.375862	1
CCCCA	354960	1.6206999	5.796632	1
>>END_MODULE
