##FastQC	0.10.1
>>Basic Statistics	pass
#Measure	Value	
Filename	mock_t24_2_AGTCAA_L005_R2_001.fastq.gz	
File type	Conventional base calls	
Encoding	Sanger / Illumina 1.9	
Total Sequences	4419278	
Filtered Sequences	0	
Sequence length	101	
%GC	48	
>>END_MODULE
>>Per base sequence quality	pass
#Base	Mean	Median	Lower Quartile	Upper Quartile	10th Percentile	90th Percentile
1	31.4207144243924	33.0	31.0	34.0	29.0	34.0
2	31.544699835584	34.0	31.0	34.0	28.0	34.0
3	31.557679557610996	34.0	31.0	34.0	28.0	34.0
4	35.00305140341929	37.0	35.0	37.0	32.0	37.0
5	34.99740998416483	37.0	35.0	37.0	32.0	37.0
6	34.987124593655345	37.0	35.0	37.0	32.0	37.0
7	34.97176077178218	37.0	35.0	37.0	32.0	37.0
8	34.95439119240745	37.0	35.0	37.0	32.0	37.0
9	36.58527162129199	39.0	37.0	39.0	32.0	39.0
10	36.566683064518685	39.0	37.0	39.0	32.0	39.0
11	36.545362160968374	39.0	37.0	39.0	32.0	39.0
12	36.43358688908007	39.0	37.0	39.0	32.0	39.0
13	36.43738026890365	39.0	37.0	39.0	32.0	39.0
14	37.76059234110187	40.0	38.0	41.0	32.0	41.0
15	37.73850728557923	40.0	38.0	41.0	32.0	41.0
16	37.72351433876756	40.0	38.0	41.0	32.0	41.0
17	37.721334570941224	40.0	38.0	41.0	32.0	41.0
18	37.717967731380554	40.0	38.0	41.0	32.0	41.0
19	37.75284265891397	40.0	38.0	41.0	32.0	41.0
20	37.75463390173689	40.0	38.0	41.0	32.0	41.0
21	37.72629556230678	40.0	38.0	41.0	32.0	41.0
22	37.71097744925755	40.0	38.0	41.0	32.0	41.0
23	37.67448913600819	40.0	38.0	41.0	32.0	41.0
24	37.64554458895774	40.0	38.0	41.0	32.0	41.0
25	37.600677531488174	40.0	38.0	41.0	32.0	41.0
26	37.55448061877981	40.0	38.0	41.0	32.0	41.0
27	37.501395703099014	40.0	38.0	41.0	32.0	41.0
28	37.46344402863997	40.0	38.0	41.0	32.0	41.0
29	37.40950105424461	40.0	38.0	41.0	32.0	41.0
30	37.35196246988762	40.0	38.0	41.0	31.0	41.0
31	37.293224142043115	40.0	38.0	41.0	31.0	41.0
32	37.23594600747	40.0	37.0	41.0	31.0	41.0
33	37.178442722996834	40.0	37.0	41.0	31.0	41.0
34	37.101724308812436	40.0	37.0	41.0	31.0	41.0
35	37.0392837925109	40.0	37.0	41.0	30.0	41.0
36	36.98935459593174	40.0	37.0	41.0	30.0	41.0
37	36.92807037710685	40.0	37.0	41.0	30.0	41.0
38	36.8594227382844	40.0	37.0	41.0	30.0	41.0
39	36.79674100611005	40.0	37.0	41.0	30.0	41.0
40	36.74334993182144	40.0	37.0	41.0	30.0	41.0
41	36.67692731708664	40.0	36.0	41.0	30.0	41.0
42	36.60429531701785	40.0	36.0	41.0	30.0	41.0
43	36.55947600490397	40.0	36.0	41.0	30.0	41.0
44	36.47242513369831	40.0	36.0	41.0	30.0	41.0
45	36.40560697923959	40.0	36.0	41.0	30.0	41.0
46	36.325602507920976	40.0	35.0	41.0	30.0	41.0
47	36.24169491034508	40.0	35.0	41.0	29.0	41.0
48	36.164309871431485	39.0	35.0	41.0	29.0	41.0
49	36.07271459274569	39.0	35.0	41.0	29.0	41.0
50	35.97587411337327	39.0	35.0	41.0	29.0	41.0
51	33.76941527552691	37.0	33.0	39.0	26.0	40.0
52	34.55753586898131	38.0	34.0	39.0	27.0	40.0
53	35.29591168512142	38.0	35.0	40.0	28.0	40.0
54	35.68677824748749	39.0	35.0	40.0	28.0	41.0
55	35.802770724086606	39.0	35.0	41.0	29.0	41.0
56	35.78375472192516	39.0	35.0	41.0	28.0	41.0
57	35.69677490304977	39.0	35.0	41.0	28.0	41.0
58	35.5881141670653	39.0	35.0	41.0	28.0	41.0
59	35.483135480501566	38.0	35.0	41.0	28.0	41.0
60	35.340247207801816	38.0	35.0	41.0	28.0	41.0
61	35.21015604811465	38.0	35.0	41.0	28.0	41.0
62	35.0533460443086	38.0	34.0	40.0	28.0	41.0
63	34.89966392700346	37.0	34.0	40.0	27.0	41.0
64	34.986158598757534	37.0	34.0	40.0	28.0	41.0
65	34.92098777221076	37.0	34.0	40.0	28.0	41.0
66	34.81319935066316	37.0	34.0	40.0	28.0	41.0
67	34.667816100277015	37.0	34.0	40.0	28.0	41.0
68	34.52181351795474	36.0	34.0	39.0	28.0	41.0
69	34.36725003496046	36.0	34.0	39.0	28.0	41.0
70	34.210611326103496	36.0	34.0	39.0	28.0	41.0
71	34.05695590999254	36.0	34.0	39.0	28.0	41.0
72	33.88335470183139	35.0	34.0	39.0	27.0	41.0
73	33.70908370100274	35.0	34.0	39.0	27.0	41.0
74	33.54186566221903	35.0	34.0	38.0	27.0	40.0
75	33.367513426401324	35.0	34.0	37.0	27.0	40.0
76	33.214150818301086	35.0	34.0	37.0	26.0	39.0
77	33.07344932814817	35.0	34.0	37.0	26.0	39.0
78	32.922678319852245	35.0	34.0	37.0	26.0	39.0
79	32.743818334126075	35.0	33.0	36.0	26.0	39.0
80	32.60477978529524	35.0	33.0	36.0	26.0	39.0
81	32.47442251879153	35.0	33.0	36.0	26.0	38.0
82	32.35209393932674	35.0	33.0	36.0	26.0	37.0
83	32.23137173085739	35.0	33.0	36.0	26.0	37.0
84	32.110169353455476	35.0	33.0	35.0	26.0	37.0
85	31.98798152096338	35.0	33.0	35.0	25.0	37.0
86	31.879285711376383	35.0	33.0	35.0	25.0	37.0
87	31.749607288792422	35.0	33.0	35.0	25.0	36.0
88	31.66109916597236	35.0	33.0	35.0	25.0	36.0
89	31.581239740971263	35.0	33.0	35.0	25.0	36.0
90	31.499089217741	35.0	33.0	35.0	24.0	36.0
91	31.421222199644376	35.0	33.0	35.0	24.0	36.0
92	31.33634340270062	35.0	33.0	35.0	24.0	36.0
93	31.25556074996866	35.0	33.0	35.0	24.0	36.0
94	31.187177860274915	35.0	33.0	35.0	24.0	36.0
95	31.097715961747596	35.0	33.0	35.0	23.0	35.0
96	30.896573150636822	35.0	32.0	35.0	20.0	35.0
97	30.866289018251397	35.0	32.0	35.0	20.0	35.0
98	30.80484323457361	35.0	32.0	35.0	20.0	35.0
99	30.687146633454606	35.0	32.0	35.0	19.0	35.0
100	30.564426587329425	35.0	32.0	35.0	18.0	35.0
101	29.636142826950465	34.0	30.0	35.0	2.0	35.0
>>END_MODULE
>>Per sequence quality scores	pass
#Quality	Count
2	81235.0
3	8879.0
4	6311.0
5	5755.0
6	5970.0
7	6612.0
8	6745.0
9	7284.0
10	8147.0
11	8966.0
12	9011.0
13	8797.0
14	8670.0
15	8528.0
16	8920.0
17	9092.0
18	9387.0
19	10024.0
20	10754.0
21	11732.0
22	13216.0
23	16365.0
24	20220.0
25	25560.0
26	32164.0
27	39869.0
28	49176.0
29	60883.0
30	75825.0
31	95100.0
32	120229.0
33	155428.0
34	212981.0
35	315128.0
36	536590.0
37	942060.0
38	1137660.0
39	329588.0
40	417.0
>>END_MODULE
>>Per base sequence content	fail
#Base	G	A	T	C
1	33.20426812684714	15.118715210414665	10.900494986673435	40.77652167606477
2	24.122441461926606	19.120371954102463	32.836304083307716	23.920882500663215
3	25.766538969643843	20.891592409590483	23.833547848321402	29.508320772444268
4	27.82006752666814	25.765814216484046	20.192281553222106	26.221836703625705
5	29.510808802665156	28.10202638299433	21.901517709479077	20.485647104861428
6	25.748640379923554	31.52504391643059	21.708351414793064	21.01796428885279
7	21.891847555916268	21.909022235091903	35.606916456288175	20.592213752703653
8	21.355001035514288	24.40863523748625	29.364534111472096	24.871829615527368
9	21.78756271125731	22.904928260361952	31.22833585349653	24.079173174884215
10	22.624027119393965	33.35274296912576	24.783709868179184	19.23952004330109
11	26.789932643365095	26.974232701282137	21.634158940424395	24.601675714928373
12	24.406047614227898	24.226812312180783	26.328549337818828	25.038590735772488
13	24.081230694419148	25.9633483427054	27.149983114172915	22.805437848702535
14	24.201570490535484	25.962449645727396	26.887298106370732	22.948681757366383
15	24.01233982524782	25.80872907876462	26.20275409145791	23.976177004529653
16	24.885538401092315	25.570912882150203	25.837050419361713	23.70649829739577
17	24.860489571784004	25.930513635589485	25.811407890234033	23.39758890239248
18	24.698791357252308	26.091677320494338	25.75197889182058	23.45755243043277
19	24.907759360108457	25.856853582625096	25.61788655092277	23.617500506343685
20	24.480535589879526	26.450822132730682	25.688648734374382	23.379993543015413
21	24.525255746510734	25.95867286779005	25.926646514676634	23.589424871022583
22	24.933866612677456	25.902094278660876	25.563008512585895	23.601030596075773
23	24.89679389098636	26.132187602676805	25.72352967949779	23.247488826839046
24	24.523997553148916	26.18574552975209	25.93813887578471	23.35211804131428
25	24.445554698958464	26.343772846154057	25.571182161360547	23.639490293526936
26	24.04191300795222	26.854359363188244	25.702675636637373	23.40105199222216
27	24.012265375657137	26.471568770445693	25.94164547547242	23.57452037842475
28	24.14970934184553	26.410784169779888	25.610907792393768	23.828598695980816
29	24.580582731090246	26.20828206052118	25.700063680266144	23.51107152812243
30	24.46005786041594	26.057702639535773	25.862635691108256	23.619603808940028
31	24.69804407766572	25.91142082305357	25.54088465849272	23.84965044078799
32	24.529429942586837	26.14442597152672	25.7959974706739	23.530146615212548
33	23.985856264606472	26.417456938964108	25.934882227738083	23.66180456869134
34	24.75379754443983	26.056088206007573	25.423598872247815	23.76651537730478
35	24.305810281010476	26.68307646799556	25.583388399400135	23.42772485159383
36	24.016357446684957	26.39870323592178	25.962138698953297	23.622800618439964
37	24.2172640064278	25.982368463854172	25.686203299147458	24.11416423057057
38	24.118854611379522	26.07770662750188	26.198259045231204	23.6051797158874
39	23.774766445028384	26.020850270756814	25.99723617543299	24.20714710878181
40	24.44104608631875	25.75923698919989	25.535576022836604	24.26414090164476
41	24.78620037614314	26.106351694968094	25.506109775300388	23.60133815358838
42	24.387919088145456	26.005185773676075	25.909346908125286	23.69754823005318
43	24.84585739190979	25.755573022482476	25.572963554259736	23.825606031347995
44	24.8841966407563	25.998859928762545	25.629458715481963	23.48748471499919
45	24.52044733631189	25.89147160380389	25.961019596222933	23.627061463661285
46	24.459364512864823	25.73845394791214	25.653837958909282	24.148343580313753
47	24.702927074030935	26.067719041468845	25.6762937616497	23.55306012285052
48	24.07705258247749	25.907470328030513	25.873300718603414	24.142176370888578
49	24.163140801983317	25.766206011058546	25.463594300544774	24.607058886413366
50	24.290727395805742	26.08054353756744	25.601688027367054	24.027041039259768
51	24.098345022575494	25.978227951208034	25.936254953006326	23.98717207321015
52	24.266717221100677	26.152814366700394	25.58441673161507	23.996051680583857
53	24.00663331735635	26.376112084126518	26.127759087626657	23.489495510890475
54	23.771612544759172	26.164735505642113	26.158141444647732	23.905510504950982
55	24.020500522165584	26.14480470735276	25.624338512844318	24.210356257637336
56	23.957801094166605	26.229486642997657	26.205707311566368	23.607004951269374
57	23.667548345169767	25.863546632436176	26.678523123150217	23.790381899243844
58	23.952792673811928	25.9258192617211	26.220320810989286	23.901067253477688
59	23.86762545286137	26.748134462914468	25.84150453167546	23.542735552548702
60	23.64925340972756	26.79663665788859	25.88945519210835	23.664654740275502
61	23.973287005293077	26.728866686257224	25.50091966783122	23.796926640618484
62	23.802482523312648	27.063474148794864	25.65587912019356	23.478164207698928
63	23.580317927492352	26.88667947134869	25.980401941206733	23.552600659952223
64	23.88829594377928	26.667292490185794	25.653571763024214	23.790839803010712
65	23.88957668066798	27.011019739901293	25.761426328427355	23.337977251003373
66	23.70176810863879	26.82473197606659	25.93486054001439	23.538639375280226
67	24.02241745997757	26.606499947374722	25.560096249813995	23.810986342833708
68	23.991870130783376	26.842269422141875	25.69750943361987	23.46835101345489
69	23.70426822355228	26.694310335288513	25.955382239060064	23.646039202099146
70	24.04088295981708	26.41259987223792	25.76056877484688	23.785948393098128
71	24.05875635613922	26.653741090522942	25.75580500365799	23.53169754967985
72	23.823526546395897	26.642934838141514	25.9686349267054	23.56490368875719
73	24.088767192061955	26.493951017732005	25.56925500743903	23.84802678276701
74	23.956523973366373	26.78833337898589	25.78768209428891	23.467460553358823
75	23.81553390806302	26.554286015652924	26.003353130550494	23.626826945733566
76	24.077596724287396	26.36767565193969	25.69277292512172	23.861954698651193
77	24.12246600650026	26.559260041417147	25.815095913808516	23.50317803827408
78	23.869631488473114	26.487850285256144	26.007523786444047	23.634994439826695
79	24.2618781528892	26.23810972660442	25.736230141909605	23.76378197859677
80	24.224821873311747	26.458520917073546	25.822508689728284	23.494148519886423
81	23.936767036450078	26.408014489472492	26.04330993887254	23.61190853520489
82	24.269837659130395	26.21098603522325	25.7579622971872	23.76121400845916
83	24.14064114228958	26.498117752395178	25.924539723852437	23.436701381462807
84	23.85793776190149	26.43342853210924	26.09439483482593	23.61423887116334
85	24.222284962055628	26.265940547582684	25.71087443831786	23.800900052043826
86	24.13417346148735	26.54622330130995	25.85135773194427	23.468245505258437
87	23.951705230995888	26.462446272114843	26.023596724708202	23.562251772181067
88	24.18179215775318	26.23312155339665	25.779838843399816	23.80524744545035
89	24.150342685078414	26.54669947683555	25.80683727682253	23.49612056126351
90	23.969250242146405	26.444428818030662	26.042136876799088	23.544184063023845
91	24.296370420839576	26.274054229126087	25.694058239109314	23.735517110925027
92	24.24633820967039	26.53157670248294	25.822314687091623	23.399770400755045
93	23.93585222989565	26.461091239621144	26.065871343416543	23.53718518706667
94	24.214623687997516	26.31577754051725	25.78307500075388	23.68652377073136
95	24.263544834429098	26.607571883738036	25.784433587071764	23.344449694761103
96	23.98283607082615	26.49799475259394	26.004409344836116	23.514759831743792
97	24.421300832494918	26.31349537989901	25.623045884296186	23.642157903309887
98	24.35240179529529	26.551237567185957	25.78051466249187	23.315845975026882
99	24.18485902497805	26.491815646341372	25.89334596447311	23.429979364207473
100	24.530845753015342	26.278047123309	25.62879626500824	23.562310858667416
101	24.54207389814431	26.609609003473878	25.617296242458032	23.23102085592378
>>END_MODULE
>>Per base GC content	fail
#Base	%GC
1	73.9807898029119
2	48.043323962589824
3	55.27485974208811
4	54.041904230293845
5	49.99645590752659
6	46.766604668776345
7	42.48406130861992
8	46.22683065104166
9	45.86673588614152
10	41.863547162695056
11	51.391608358293475
12	49.44463835000039
13	46.88666854312169
14	47.15025224790187
15	47.988516829777474
16	48.59203669848809
17	48.25807847417648
18	48.15634378768508
19	48.52525986645214
20	47.86052913289494
21	48.11468061753332
22	48.53489720875322
23	48.144282717825405
24	47.8761155944632
25	48.0850449924854
26	47.44296500017438
27	47.58678575408189
28	47.978308037826345
29	48.091654259212675
30	48.079661669355964
31	48.54769451845371
32	48.05957655779939
33	47.64766083329781
34	48.52031292174461
35	47.7335351326043
36	47.63915806512492
37	48.33142823699837
38	47.72403432726692
39	47.981913553810195
40	48.70518698796351
41	48.387538529731515
42	48.08546731819864
43	48.67146342325779
44	48.37168135575549
45	48.147508799973174
46	48.60770809317857
47	48.25598719688146
48	48.21922895336607
49	48.77019968839668
50	48.3177684350655
51	48.08551709578565
52	48.26276890168454
53	47.496128828246825
54	47.677123049710154
55	48.23085677980292
56	47.56480604543597
57	47.45793024441361
58	47.85385992728962
59	47.41036100541007
60	47.313908150003066
61	47.77021364591156
62	47.28064673101158
63	47.13291858744458
64	47.67913574678999
65	47.22755393167135
66	47.240407483919014
67	47.83340380281128
68	47.46022114423826
69	47.35030742565143
70	47.82683135291521
71	47.59045390581907
72	47.38843023515309
73	47.936793974828966
74	47.4239845267252
75	47.442360853796586
76	47.93955142293859
77	47.62564404477434
78	47.50462592829981
79	48.02566013148597
80	47.71897039319818
81	47.54867557165497
82	48.03105166758956
83	47.577342523752385
84	47.472176633064834
85	48.023185014099454
86	47.60241896674579
87	47.513957003176955
88	47.987039603203534
89	47.646463246341916
90	47.51343430517025
91	48.0318875317646
92	47.64610861042544
93	47.47303741696232
94	47.90114745872887
95	47.6079945291902
96	47.49759590256994
97	48.0634587358048
98	47.668247770322175
99	47.61483838918552
100	48.09315661168276
101	47.77309475406809
>>END_MODULE
>>Per sequence GC content	pass
#GC Content	Count
0	160.0
1	273.0
2	475.0
3	539.0
4	491.5
5	437.0
6	412.0
7	397.5
8	378.5
9	377.5
10	373.5
11	377.5
12	398.0
13	436.0
14	478.5
15	515.5
16	580.5
17	707.0
18	898.5
19	1248.0
20	1836.5
21	2660.5
22	3763.0
23	5426.0
24	7529.5
25	10094.0
26	13374.0
27	17380.0
28	22078.0
29	27278.0
30	32984.5
31	39890.0
32	47264.5
33	55065.0
34	64251.0
35	74884.0
36	86700.5
37	99739.0
38	111955.0
39	122767.5
40	133430.0
41	142368.0
42	150760.0
43	157974.0
44	161825.5
45	165067.0
46	167287.0
47	165233.5
48	161690.0
49	157696.0
50	153451.0
51	151211.5
52	147777.5
53	142246.0
54	136649.5
55	131371.5
56	124001.5
57	114938.0
58	107699.5
59	101065.0
60	93144.0
61	85827.0
62	77890.0
63	69166.0
64	61588.5
65	53681.0
66	45824.0
67	39001.5
68	32951.5
69	27118.0
70	21813.5
71	17178.5
72	13597.0
73	10930.5
74	8706.5
75	6800.0
76	5482.5
77	4538.0
78	3583.5
79	2673.0
80	1988.5
81	1445.5
82	990.5
83	731.5
84	532.5
85	372.5
86	294.5
87	227.0
88	160.0
89	120.5
90	82.5
91	63.0
92	59.5
93	43.0
94	32.0
95	30.5
96	21.5
97	16.5
98	17.0
99	9.5
100	5.5
>>END_MODULE
>>Per base N content	pass
#Base	N-Count
1	0.15925678357414944
2	0.1173268574640473
3	0.1232101714352435
4	0.11363847216672046
5	0.07872326656073683
6	0.09218700430251275
7	0.13133367034162596
8	0.13604032151858292
9	0.1852791338313634
10	0.1669956042593383
11	0.25454384177686945
12	0.28918750981495167
13	0.23205147990237318
14	0.2828968894919034
15	0.258775302209999
16	0.24961090929332802
17	0.22064690205051596
18	0.17464391242189337
19	0.11947652987659976
20	0.12339119648051107
21	0.09422353606177299
22	0.08103133588789843
23	0.07048662700106217
24	0.08614529341670744
25	0.08766137817082338
26	0.08272844568728195
27	0.08874752844242884
28	0.1322840518292807
29	0.14952668739101727
30	0.18039145760913888
31	0.1650269568920534
32	0.19498660188383712
33	0.19374205469762257
34	0.23777639695896027
35	0.247483865011434
36	0.24361445466883958
37	0.24725758370484952
38	0.25427230420896807
39	0.2465108553931208
40	0.2549511481287215
41	0.19738518373363254
42	0.19799614326141057
43	0.16133857159472656
44	0.16457439427888446
45	0.11449834113174144
46	0.06460331302986597
47	0.06458068489920751
48	0.0695362455134074
49	0.09162130103605158
50	0.05177316294652656
51	0.1026185725360568
52	0.09583013333852271
53	0.10395363224490516
54	0.1406564601729061
55	0.1341169304126149
56	0.17840018211119554
57	0.17235847122539022
58	0.21392634724495724
59	0.22836309460504634
60	0.2391340847984671
61	0.2034268946194378
62	0.25486063560608774
63	0.23700704051657306
64	0.2056670795546241
65	0.24085382272850905
66	0.22349804651348026
67	0.2432524045783044
68	0.24535682072954
69	0.2060517577758177
70	0.21539717573775627
71	0.18973687557107746
72	0.12479414058133478
73	0.12207876490232115
74	0.04197518237141904
75	0.0298012480771746
76	0.029597594901248574
77	0.029439197986639448
78	0.08933585983954845
79	0.11927287670067373
80	0.10370472280766224
81	0.05154688163994209
82	0.12676278794861967
83	0.12232767433956405
84	0.19249750751140796
85	0.2157139695669745
86	0.22157465540751228
87	0.22677912545895507
88	0.24372759532213178
89	0.255584735787158
90	0.24411227354332543
91	0.23266243943015127
92	0.2624410593766674
93	0.22252503689516703
94	0.19797351513075215
95	0.2027933069610013
96	0.20589336086120855
97	0.11759839503194866
98	0.10976906182412602
99	0.06064339016463775
100	0.021609864778816813
101	1.3576878395068153E-4
>>END_MODULE
>>Sequence Length Distribution	pass
#Length	Count
101	4419278.0
>>END_MODULE
>>Sequence Duplication Levels	warn
#Total Duplicate Percentage	38.649300667813655
#Duplication Level	Relative count
1	100.0
2	24.333678404227378
3	8.547457548554565
4	4.313901206718067
5	2.7270901253070874
6	2.0441587738137543
7	1.5983992830765903
8	1.2824276509942678
9	1.0931536904559571
10++	8.569088858330371
>>END_MODULE
>>Overrepresented sequences	pass
>>END_MODULE
>>Kmer Content	fail
#Sequence	Count	Obs/Exp Overall	Obs/Exp Max	Max Obs/Exp Position
AAAAA	2000670	3.8629055	10.170519	61
TTTTT	1510165	3.1271405	3.8304853	5
CCTGG	880555	2.3789356	5.6968794	1
CTCCT	866830	2.2664692	6.3931155	1
CTGGG	857510	2.2651052	6.7673054	1
CCCAG	825595	2.2495382	6.239615	1
GGGGG	822015	2.243568	8.166078	41
CTGGA	870850	2.1464877	5.8797655	1
CTCCA	821645	2.1184747	6.580502	1
CTCTG	755510	1.9314306	5.2866592	1
CTCAG	692725	1.7463163	5.0213423	1
GGGAA	674065	1.6018909	5.8494506	22
GGGGA	622175	1.5845572	5.5683355	21
TAAAA	763730	1.4953933	5.2176857	58
TTAAA	681965	1.3541117	5.0768795	57
>>END_MODULE
