##FastQC	0.10.1
>>Basic Statistics	pass
#Measure	Value	
Filename	mock_t24_2_AGTCAA_L005_R1_001.fastq.gz	
File type	Conventional base calls	
Encoding	Sanger / Illumina 1.9	
Total Sequences	4419278	
Filtered Sequences	0	
Sequence length	101	
%GC	47	
>>END_MODULE
>>Per base sequence quality	pass
#Base	Mean	Median	Lower Quartile	Upper Quartile	10th Percentile	90th Percentile
1	32.19241536739712	34.0	31.0	34.0	30.0	34.0
2	32.37728176412527	34.0	31.0	34.0	30.0	34.0
3	32.12441896617502	34.0	31.0	34.0	30.0	34.0
4	35.82143599022284	37.0	35.0	37.0	35.0	37.0
5	35.75609884691572	37.0	35.0	37.0	33.0	37.0
6	35.68245966875132	37.0	35.0	37.0	33.0	37.0
7	35.68306067190161	37.0	35.0	37.0	33.0	37.0
8	35.68512865676249	37.0	35.0	37.0	33.0	37.0
9	37.328706408603395	39.0	37.0	39.0	34.0	39.0
10	37.28601776127232	39.0	37.0	39.0	33.0	39.0
11	37.30962365345651	39.0	37.0	39.0	33.0	39.0
12	37.313830675508534	39.0	37.0	39.0	33.0	39.0
13	37.29354998712459	39.0	37.0	39.0	33.0	39.0
14	38.66129761467823	40.0	38.0	41.0	34.0	41.0
15	38.673782685769034	40.0	38.0	41.0	34.0	41.0
16	38.680033480582125	40.0	38.0	41.0	34.0	41.0
17	38.68106283424577	40.0	38.0	41.0	34.0	41.0
18	38.71676346226691	40.0	38.0	41.0	34.0	41.0
19	38.80013296289575	40.0	38.0	41.0	34.0	41.0
20	38.76411644617062	40.0	38.0	41.0	34.0	41.0
21	38.757042439964174	40.0	38.0	41.0	34.0	41.0
22	38.75237584057848	40.0	38.0	41.0	34.0	41.0
23	38.73951853673835	40.0	38.0	41.0	34.0	41.0
24	38.71722303960058	40.0	38.0	41.0	34.0	41.0
25	38.67628965636468	40.0	38.0	41.0	34.0	41.0
26	38.586435159770446	40.0	38.0	41.0	34.0	41.0
27	38.52901876731901	40.0	38.0	41.0	34.0	41.0
28	38.468722266397364	40.0	38.0	41.0	34.0	41.0
29	38.408343625361425	40.0	38.0	41.0	34.0	41.0
30	38.34270100229042	40.0	38.0	41.0	33.0	41.0
31	38.295084174383234	40.0	38.0	41.0	33.0	41.0
32	38.26039547636515	40.0	38.0	41.0	33.0	41.0
33	38.22116848046219	40.0	38.0	41.0	33.0	41.0
34	38.178968827034645	40.0	38.0	41.0	33.0	41.0
35	38.11443317211545	40.0	38.0	41.0	33.0	41.0
36	38.04075032165888	40.0	38.0	41.0	33.0	41.0
37	37.99364081644106	40.0	38.0	41.0	33.0	41.0
38	37.93731464732475	40.0	37.0	41.0	33.0	41.0
39	37.88728045621932	40.0	37.0	41.0	33.0	41.0
40	37.820596034012794	40.0	37.0	41.0	33.0	41.0
41	37.74923709257485	40.0	37.0	41.0	32.0	41.0
42	37.66925321285513	40.0	37.0	41.0	32.0	41.0
43	37.706273739737576	40.0	37.0	41.0	32.0	41.0
44	37.59774967766228	40.0	37.0	41.0	32.0	41.0
45	37.6923907027347	40.0	37.0	41.0	32.0	41.0
46	37.701782960927105	40.0	37.0	41.0	32.0	41.0
47	37.66479728136587	40.0	37.0	41.0	32.0	41.0
48	37.602039744953814	40.0	37.0	41.0	32.0	41.0
49	37.56429896467251	40.0	37.0	41.0	32.0	41.0
50	37.50013350597089	40.0	36.0	41.0	32.0	41.0
51	37.42100904265357	40.0	36.0	41.0	32.0	41.0
52	37.34627873602883	40.0	36.0	41.0	32.0	41.0
53	37.282943050878444	40.0	36.0	41.0	32.0	41.0
54	37.17494169862136	39.0	36.0	41.0	31.0	41.0
55	37.04308780755589	39.0	35.0	41.0	31.0	41.0
56	36.97339836959793	39.0	35.0	41.0	31.0	41.0
57	36.885263384652426	39.0	35.0	41.0	31.0	41.0
58	36.788962133633596	39.0	35.0	41.0	31.0	41.0
59	36.68722175884839	39.0	35.0	41.0	31.0	41.0
60	36.555132308942774	39.0	35.0	41.0	31.0	41.0
61	36.40825809102754	38.0	35.0	41.0	31.0	41.0
62	36.289401119368364	38.0	35.0	40.0	31.0	41.0
63	36.14933864762524	38.0	35.0	40.0	30.0	41.0
64	36.00605732429596	37.0	35.0	40.0	30.0	41.0
65	35.84549670783327	37.0	35.0	40.0	30.0	41.0
66	35.66765295145497	37.0	35.0	40.0	30.0	41.0
67	35.51474788415664	37.0	35.0	40.0	30.0	41.0
68	35.36726768490237	36.0	34.0	39.0	30.0	41.0
69	35.18047246631689	36.0	34.0	39.0	30.0	41.0
70	34.99882220579923	36.0	34.0	39.0	29.0	41.0
71	34.805599014137606	36.0	34.0	39.0	29.0	41.0
72	34.52039744953814	35.0	34.0	39.0	29.0	41.0
73	34.32831629963084	35.0	34.0	38.0	29.0	40.0
74	34.14764176410717	35.0	34.0	38.0	29.0	40.0
75	33.9698887465328	35.0	34.0	37.0	29.0	40.0
76	32.040362249218084	34.0	31.0	36.0	26.0	39.0
77	32.835440087724734	35.0	32.0	36.0	26.0	39.0
78	33.24128262580449	35.0	33.0	36.0	28.0	39.0
79	33.33652985849725	35.0	33.0	36.0	28.0	39.0
80	33.27849209757793	35.0	34.0	36.0	28.0	39.0
81	33.19372553616224	35.0	34.0	36.0	29.0	38.0
82	33.09043083508211	35.0	34.0	36.0	29.0	37.0
83	32.97963287215695	35.0	33.0	36.0	28.0	37.0
84	32.83198386704797	35.0	33.0	36.0	28.0	37.0
85	32.74195558641027	35.0	33.0	35.0	28.0	37.0
86	32.65260977019323	35.0	33.0	35.0	28.0	37.0
87	32.54452967204145	35.0	33.0	35.0	27.0	36.0
88	32.375869316209574	35.0	33.0	35.0	27.0	36.0
89	32.330509191772954	35.0	33.0	35.0	27.0	36.0
90	32.27761571007753	35.0	33.0	35.0	27.0	36.0
91	32.208877558732446	35.0	33.0	35.0	27.0	36.0
92	32.12491293826729	35.0	33.0	35.0	27.0	36.0
93	31.978193496765762	35.0	33.0	35.0	26.0	36.0
94	31.928651693783465	35.0	33.0	35.0	26.0	35.0
95	31.870174268285453	35.0	33.0	35.0	26.0	35.0
96	31.78354179121567	35.0	33.0	35.0	26.0	35.0
97	31.619145027762453	35.0	33.0	35.0	25.0	35.0
98	31.426262615748545	35.0	33.0	35.0	25.0	35.0
99	31.26350096101671	35.0	33.0	35.0	24.0	35.0
100	31.185536868239563	35.0	33.0	35.0	24.0	35.0
101	30.216046376806347	34.0	31.0	35.0	20.0	35.0
>>END_MODULE
>>Per sequence quality scores	pass
#Quality	Count
2	9.0
3	17.0
4	25.0
5	80.0
6	229.0
7	665.0
8	1623.0
9	2592.0
10	3421.0
11	4412.0
12	5293.0
13	5995.0
14	6413.0
15	7020.0
16	7695.0
17	8568.0
18	9479.0
19	10284.0
20	11223.0
21	12301.0
22	14277.0
23	17652.0
24	22502.0
25	29161.0
26	38155.0
27	50771.0
28	62826.0
29	69876.0
30	85806.0
31	103920.0
32	126623.0
33	157450.0
34	205714.0
35	303187.0
36	526039.0
37	960868.0
38	1215747.0
39	331037.0
40	323.0
>>END_MODULE
>>Per base sequence content	fail
#Base	G	A	T	C
1	22.277820735463752	17.934964679124192	12.505500495270933	47.28171409014112
2	12.902019945796564	22.291881681098513	36.344768612603374	28.461329760501545
3	14.006232726156947	22.652556291174935	28.156086977575857	35.18512400509226
4	16.132952034246316	28.78644430153523	24.599991220285304	30.480612443933147
5	29.32626098652314	27.451769270908056	22.651528145547754	20.570441597021052
6	25.66556731590589	31.13630629458452	21.980890530686594	21.217235858822995
7	20.051284395324302	22.405945043511633	36.421401867001805	21.12136869416226
8	20.61768913383589	24.71093694490367	29.47596869895942	25.19540522230102
9	21.37152267859139	22.684361563133162	31.579547609360624	24.364568148914824
10	21.284313863033734	33.83161231314256	25.22072610050782	19.66334772331589
11	26.17328581123111	26.7291685947724	21.96200871771559	25.135536876280895
12	22.854700286090498	24.196178022827954	26.90171661087642	26.04740508020513
13	22.17900945845861	26.936230134781734	27.7250346724161	23.159725734343557
14	22.897217938520615	25.78957074858487	27.18045440299782	24.13275690989669
15	22.959587516331855	26.693364843759547	26.482131244062945	23.864916395845658
16	23.269311969848307	25.600497278499944	26.31871804607746	24.81147270557429
17	24.56684100887068	25.892510043495793	25.99467605341868	23.54597289421485
18	23.22653157370955	26.080549809267488	26.915256292996276	23.777662324026686
19	23.36089741355941	25.909096463268433	25.91731047469745	24.812695648474705
20	23.575887282945313	26.137369045350844	26.673587857564062	23.613155814139773
21	24.09968325142704	25.884454428981385	26.162282617205797	23.853579702385773
22	23.268755665518214	26.773649451335718	25.97100702874994	23.986587854396124
23	23.484995396305774	26.904921325366114	26.04559524103151	23.5644880372966
24	23.158781283984656	26.11833979970466	26.249492563710692	24.473386352599995
25	23.42399219406934	25.821392268833936	26.870766771572434	23.88384876552429
26	23.564305889775298	25.911218664872028	26.028098143460564	24.496377301892114
27	23.266894207528942	25.893359625066726	26.169658165979616	24.670088001424713
28	23.324244736715848	26.644524527895385	25.997754102768127	24.03347663262064
29	24.492060111529387	25.908323557895674	25.908459354058394	23.69115697651654
30	23.337827551921354	25.951950865825506	26.87878442892454	23.8314371533286
31	23.219175307521024	25.855483620416326	25.870872967502905	25.054468104559753
32	23.480517705437247	26.85704445175624	25.858252406971832	23.804185435834675
33	23.236904177882693	25.950903225689657	26.06752876944438	24.744663826983267
34	23.49467492201215	26.64720345721631	25.802450083475176	24.055671537296362
35	24.57941516492682	25.93638351010112	25.849966385797813	23.63423493917425
36	23.47770970455962	25.87727178713846	26.791191324564423	23.853827183737497
37	23.537192513974066	25.749485165991537	25.788838851297836	24.924483468736565
38	23.7756645060724	26.735487047975877	25.779671887185025	23.7091765587667
39	23.355423355378093	26.79158195455508	25.96060366318404	23.89239102688278
40	23.508282710420495	25.703796724120647	25.77340865120555	25.014511914253312
41	23.680854583676286	26.782459055385583	25.738376762645593	23.798309598292537
42	23.304716329117877	26.76828961953174	26.013721316424437	23.913272734925947
43	23.41168677722552	25.70811277120627	26.71756709875005	24.162633352818162
44	23.620545906515865	25.84759264858445	25.957309864229472	24.574551580670217
45	23.334055293062463	25.76871171378529	27.00744976438991	23.889783228762333
46	23.39560607922491	25.70719068377815	25.91607153727935	24.981131699717594
47	24.553849078638258	25.888318554428462	25.895877749261054	23.661954617672222
48	23.431346878512734	25.794281314844515	26.96963819801242	23.804733608630325
49	23.546229137199433	26.531100424328148	25.8447072135785	24.077963224893917
50	23.67909073566109	25.860146566915652	26.680560116174522	23.78020258124873
51	24.207522729494574	25.718884761190953	26.060076108956743	24.013516400357734
52	23.50402892653158	25.710518794302406	25.82937139151	24.956080887656007
53	23.64659728043131	25.992637141610558	25.830878745471757	24.529886832486373
54	24.262472131448806	25.937742375202866	25.994028305010442	23.805757188337882
55	23.444522863612573	25.74277522242922	26.667339477483953	24.14536243647425
56	23.601796492549234	25.818764965679915	25.94145469011001	24.637983851660834
57	23.305141699616996	25.655932937461728	26.99576718187903	24.043158181042244
58	23.454509990093406	25.58879527379812	26.796503863300746	24.16019087280773
59	23.62157347874472	25.812813767316744	25.899773673437153	24.665839080501385
60	23.349447579446235	25.873683438787964	26.918786281378992	23.858082700386802
61	24.407086406422042	25.766675008904173	25.82512347039494	24.001115114278846
62	23.637526310858924	25.92432519520157	25.90604166562954	24.532106828309963
63	23.346392781807346	25.837885736086303	27.047925023046755	23.7677964590596
64	23.465145211502875	25.646881685198352	26.85459027470098	24.033382828597794
65	24.564827105242077	25.914844008455677	25.937291114068863	23.583037772233382
66	23.460167022758014	26.675058686056865	26.10677581270063	23.75799847848449
67	23.51313947662944	26.575381770506407	25.88090181246801	24.030576940396145
68	23.752816636563708	26.635798879364458	25.881105465643934	23.730279018427897
69	23.40782815654503	26.741245968232818	26.030632153034954	23.8202937221872
70	23.463968548708635	26.555944206270798	25.940843730582237	24.039243514438333
71	23.701609176883647	26.695129837950905	25.816977343357895	23.786283641807554
72	23.4417703525327	26.648289607487918	26.06937151272221	23.840568527257165
73	23.483225087898973	26.54938204837985	25.87275568543097	24.09463717829021
74	23.731591450006086	26.626317692618567	25.950166520413514	23.69192433696183
75	23.534930366453523	26.55390767451154	26.075730017437238	23.8354319415977
76	23.60654839998751	26.327332202228508	25.908757041308554	24.157362356475424
77	23.889445289479415	26.371434428881823	25.936974320239642	23.802145961399123
78	23.54590500982287	26.36448759276968	26.1388625019743	23.950744895433147
79	23.741547827495804	26.08659152015329	26.01725892781581	24.154601724535095
80	23.87824436480348	26.2505549549044	26.043077624897098	23.82812305539502
81	23.675518942234454	26.207697275437297	26.215730261821047	23.901053520507194
82	23.795153869025665	26.067719659184146	26.01972539405758	24.117401077732605
83	23.86079807606582	26.189119580166714	26.052762464818912	23.897319878948554
84	23.64947396384658	26.212426554744916	26.20489138723565	23.93320809417285
85	23.680791296677874	26.141645762045297	26.009225941432064	24.168336999844772
86	23.86251781399586	26.26458439591264	26.069326256460894	23.803571533630606
87	23.575231067156217	26.273002060517577	26.239105120791223	23.91266175153498
88	23.75453637449375	26.07507380164814	26.02585761746602	24.144532206392086
89	23.925220364050418	26.223989529511382	25.932245040932028	23.918545065506176
90	23.651035304862017	26.24643663512456	26.118542440643015	23.983985619370404
91	23.778069630378535	26.099218017060704	25.92631647069951	24.196395881861246
92	23.916689558792186	26.27420135144248	25.985104354150156	23.824004735615183
93	23.73537034782605	26.24249934038999	26.21776679358031	23.80436351820365
94	23.686312560558534	26.175044882897165	26.013706311302435	24.12493624524187
95	23.956017249876563	26.274269235834453	25.944011668874417	23.825701845414567
96	23.648554159887585	26.315082039178773	26.126768690473227	23.90959511046042
97	23.976965528635233	26.09302278212871	25.866955446244788	24.06305624299127
98	23.92549348817197	26.300651103585153	25.950462530931777	23.823392877311097
99	23.843191399066345	26.270035365681142	25.986385627387182	23.90038760786533
100	23.85076228068587	26.128845352984847	25.81961016857086	24.200782197758425
101	24.028857290499335	26.416217954797368	25.761014500396897	23.7939102543064
>>END_MODULE
>>Per base GC content	fail
#Base	%GC
1	69.55953482560487
2	41.363349706298116
3	49.19135673124921
4	46.61356447817947
5	49.89670258354419
6	46.882803174728885
7	41.17265308948656
8	45.81309435613691
9	45.73609082750622
10	40.947661586349625
11	51.30882268751201
12	48.90210536629563
13	45.33873519280217
14	47.029974848417304
15	46.82450391217751
16	48.08078467542259
17	48.112813903085524
18	47.004193897736236
19	48.173593062034115
20	47.18904309708509
21	47.95326295381282
22	47.25534351991434
23	47.049483433602376
24	47.63216763658465
25	47.30784095959363
26	48.06068319166741
27	47.93698220895365
28	47.35772136933649
29	48.18321708804593
30	47.16926470524995
31	48.27364341208077
32	47.28470314127192
33	47.98156800486596
34	47.550346459308514
35	48.21365010410107
36	47.331536888297116
37	48.46167598271063
38	47.4848410648391
39	47.24781438226088
40	48.52279462467381
41	47.47916418196883
42	47.21798906404383
43	47.57432013004368
44	48.195097487186075
45	47.223838521824796
46	48.376737778942505
47	48.21580369631048
48	47.23608048714306
49	47.62419236209335
50	47.45929331690982
51	48.22103912985231
52	48.46010981418758
53	48.17648411291768
54	48.06822931978669
55	47.58988530008683
56	48.23978034421007
57	47.34829988065924
58	47.61470086290113
59	48.2874125592461
60	47.207530279833044
61	48.40820152070089
62	48.16963313916889
63	47.11418924086695
64	47.498528040100666
65	48.14786487747546
66	47.21816550124251
67	47.543716417025585
68	47.48309565499161
69	47.228121878732225
70	47.50321206314697
71	47.48789281869119
72	47.28233887978986
73	47.57786226618918
74	47.42351578696792
75	47.37036230805122
76	47.763910756462934
77	47.69159125087853
78	47.496649905256014
79	47.8961495520309
80	47.706367420198504
81	47.57657246274165
82	47.91255494675827
83	47.75811795501437
84	47.58268205801943
85	47.84912829652265
86	47.66608934762647
87	47.48789281869119
88	47.89906858088584
89	47.8437654295566
90	47.63502092423242
91	47.97446551223978
92	47.74069429440736
93	47.5397338660297
94	47.8112488058004
95	47.78171909529113
96	47.558149270348
97	48.0400217716265
98	47.74888636548307
99	47.743579006931675
100	48.0515444784443
101	47.822767544805735
>>END_MODULE
>>Per sequence GC content	warn
#GC Content	Count
0	8.0
1	5.0
2	1.5
3	1.5
4	2.0
5	3.0
6	4.5
7	8.0
8	12.0
9	13.0
10	22.5
11	30.5
12	32.5
13	52.5
14	89.0
15	122.0
16	200.0
17	311.0
18	529.5
19	891.0
20	1469.0
21	2394.5
22	3655.5
23	5485.0
24	7798.5
25	10477.5
26	13795.0
27	18055.5
28	23186.5
29	28657.5
30	34599.0
31	41771.5
32	49423.0
33	57469.5
34	67075.0
35	78333.0
36	91120.5
37	104657.5
38	117267.5
39	129330.5
40	140235.5
41	149138.0
42	157272.5
43	163585.5
44	166600.0
45	169179.0
46	170755.0
47	167209.5
48	162791.5
49	158105.5
50	152626.5
51	150054.5
52	145614.0
53	139321.5
54	134644.0
55	129206.0
56	121542.5
57	112482.5
58	104663.0
59	98062.0
60	90584.5
61	83169.0
62	74316.5
63	64965.5
64	57539.0
65	50166.0
66	42654.0
67	35832.0
68	29978.0
69	24323.5
70	19100.0
71	14810.5
72	11681.0
73	9380.0
74	7280.5
75	5466.5
76	4423.0
77	3610.5
78	2600.5
79	1882.0
80	1453.5
81	977.5
82	565.5
83	366.5
84	242.5
85	154.5
86	118.5
87	78.5
88	44.0
89	26.0
90	18.0
91	11.5
92	6.5
93	4.0
94	1.0
95	1.0
96	0.5
97	0.5
98	0.5
99	0.0
100	0.0
>>END_MODULE
>>Per base N content	pass
#Base	N-Count
1	0.0338064272037197
2	2.2628130658446923E-5
3	5.430751358027261E-4
4	0.0
5	0.0
6	6.788439197534077E-5
7	0.0
8	0.0
9	0.0
10	0.0
11	2.2628130658446923E-5
12	0.0010635221409470053
13	0.0013350597088483684
14	0.0016518535380666253
15	0.0
16	5.430751358027261E-4
17	0.0
18	0.0
19	0.0
20	0.0
21	0.0
22	0.0
23	2.2628130658446923E-5
24	9.051252263378769E-5
25	0.0016744816687250723
26	0.004435113609055597
27	0.003281078945474804
28	0.012535984384779597
29	0.02016166441667621
30	0.022831783834372944
31	0.01441411922943069
32	0.005430751358027262
33	1.3576878395068153E-4
34	0.0
35	3.3942195987670385E-4
36	0.004073063518520446
37	0.008553433388892938
38	0.00977535244444907
39	0.0088249709567943
40	0.011200924675931227
41	0.012784893822022511
42	0.010408940102885584
43	0.01029579944959335
44	0.014617772405356713
45	0.016948469863176746
46	0.011110412153297439
47	0.018509810878609582
48	0.012106049902269104
49	0.011947652987659976
50	0.009254905439304791
51	0.007919845730456423
52	0.008123498906382445
53	0.007738820685188848
54	0.01735577621502879
55	1.5839691460912847E-4
56	0.0
57	0.0
58	0.0
59	0.0
60	0.0
61	0.0
62	0.0
63	0.0
64	0.0
65	0.0
66	0.0
67	0.0
68	0.0
69	0.0
70	0.0
71	0.0
72	0.0
73	0.0
74	0.0
75	0.0
76	0.0
77	0.0
78	0.0
79	0.0
80	0.0
81	0.0
82	0.0
83	0.0
84	0.0
85	0.0
86	0.0
87	0.0
88	0.0
89	0.0
90	0.0
91	0.0
92	0.0
93	0.0
94	0.0
95	0.0
96	0.0010861502716054522
97	0.015455013239719248
98	0.024596778025731805
99	0.026090234649189303
100	0.021677749170792154
101	0.02853407276030157
>>END_MODULE
>>Sequence Length Distribution	pass
#Length	Count
101	4419278.0
>>END_MODULE
>>Sequence Duplication Levels	warn
#Total Duplicate Percentage	41.96884457565123
#Duplication Level	Relative count
1	100.0
2	25.96704527275636
3	9.39689649656055
4	4.934410494320908
5	3.1978883378659413
6	2.2772356422972324
7	1.7093265077587585
8	1.4341705327147656
9	1.135018397056471
10++	9.922412414013758
>>END_MODULE
>>Overrepresented sequences	warn
#Sequence	Count	Percentage	Possible Source
GATCGGAAGAGCACACGTCTGAACTCCAGTCACAGTCAACAATCTCGTAT	34464	0.7798558950127148	TruSeq Adapter, Index 8 (97% over 36bp)
>>END_MODULE
>>Kmer Content	warn
#Sequence	Count	Obs/Exp Overall	Obs/Exp Max	Max Obs/Exp Position
AAAAA	1726030	3.3371167	9.763483	67
GAAGA	1106565	2.6758177	11.865352	6
TCTTC	1159280	2.5267198	10.300478	55
CTTCT	1154655	2.5166395	10.429409	56
CCAGG	876840	2.4213626	5.975549	2
CCTGG	880395	2.420726	6.580159	1
CTGCT	981515	2.4027874	11.363888	59
GGAAG	842875	2.2794023	12.51946	5
CCCAG	856215	2.2593007	9.091364	1
TCCAG	915155	2.2500098	11.199429	25
CTCCT	937355	2.1926746	8.399943	1
CAGCT	888380	2.184181	5.0924664	3
CTCCA	912450	2.1436336	10.627848	24
TTCTG	927225	2.11496	10.358199	57
CTTCA	962310	2.1064694	6.0285964	1
CCTCC	837750	2.1032257	5.0678806	1
TCCTG	845660	2.0702088	5.533581	2
GAAAA	946475	2.046494	9.676421	65
CTTCC	839400	1.963537	5.63779	1
GCCAG	707675	1.9542195	5.6265993	1
CTCTG	792250	1.9394591	7.832319	1
CACAG	780335	1.9268252	11.117848	31
CTGAA	797780	1.8354518	10.345205	19
AAGAG	755655	1.8272718	10.809923	7
CCCTG	686750	1.8043402	5.999584	1
CTCAG	725665	1.7841276	7.3723454	1
TCTGC	728455	1.7832866	10.713302	58
CTTGG	681855	1.7468624	5.114389	1
CTTTG	755290	1.7227838	5.6434464	1
TGAAA	783350	1.6864977	9.264164	64
CCCCA	650405	1.6399355	5.82369	1
TCTGA	689310	1.579076	10.007432	18
TGCTT	688825	1.57118	9.8161745	60
CTCCC	617640	1.5506252	5.6963415	1
CCAGT	621110	1.5270679	10.4460335	26
AGAGC	580780	1.5007944	11.493094	8
GAGCA	570025	1.4730022	11.609852	9
TTGAA	678485	1.4544498	9.147399	63
CAACA	650505	1.4362619	9.617979	37
AACAA	675915	1.3965136	9.008273	38
CTTGA	592305	1.3568563	9.499728	62
GTCTG	525070	1.3451909	10.848914	17
AGCAC	525080	1.2965424	10.891531	10
CAGTC	519620	1.2775434	10.258535	33
GCTTG	493805	1.2650923	10.508488	61
CACAC	530385	1.2514231	10.04811	12
GTCTT	544215	1.2413309	9.501508	54
TCACA	560630	1.2325027	9.433267	30
GCACA	492105	1.2151196	10.575383	11
ACAGT	528150	1.2151144	9.69313	32
AGTCA	527515	1.2136536	9.638954	28
ATGCC	488075	1.1999865	10.247167	49
ATCTC	542490	1.1874952	8.987905	42
TGAAC	502465	1.1560209	9.801859	20
GAACT	500155	1.1507062	9.6961155	21
ACTCC	475760	1.1177108	9.808954	23
AATCT	527740	1.0810113	8.183211	41
TCAAC	445105	0.97852975	9.037865	36
GTCAC	393565	0.96762323	10.021465	29
AACTC	431650	0.94895	9.116038	22
GTCAA	399795	0.91980803	9.375577	35
ACAAT	445275	0.9160306	8.449668	39
CAATC	353755	0.7777037	8.522128	40
CGGAA	274470	0.70925826	10.848839	4
CGTCT	281655	0.68950254	9.7006855	16
TGCCG	249395	0.6857342	10.719391	50
GTATG	284505	0.68206644	9.461184	47
TCTCG	264700	0.647996	9.22913	43
TATGC	271495	0.6219425	8.973377	48
TCGGA	239480	0.61617965	10.694941	3
CACGT	245945	0.6046831	9.772529	14
GCCGT	211545	0.5816622	10.561949	51
CCGTC	217275	0.5708599	10.116519	52
CTCGT	232220	0.5684837	9.146005	44
GATCG	207150	0.5329949	10.120666	1
ACACG	215155	0.53126687	9.76581	13
ATCGG	199370	0.512977	10.1783495	2
ACGTC	184890	0.4545726	9.663882	15
TCGTA	149015	0.3413646	8.69854	45
CGTAT	122350	0.2802802	8.665017	46
>>END_MODULE
